[1]

joint_count 71
vertex_count 29354
triangle_count 58332

joints:
root
1.000000 0.000000 0.000000 0.000000
0.000000 0.000000 1.000000 0.000000
0.000000 -1.000000 0.000000 0.000000
0.000000 0.000000 0.000000 1.000000
-1

DEF-spine
1.000000 0.000000 0.000000 0.000000
0.000000 -0.210673 -0.977557 0.050865
0.000000 0.977557 -0.210673 0.903932
0.000000 0.000000 0.000000 1.000000
0

DEF-spine.001
1.000000 0.000000 -0.000000 0.000000
0.000000 0.996042 0.088880 0.166209
0.000000 -0.088880 0.996042 -0.000000
0.000000 0.000000 0.000000 1.000000
1

DEF-spine.002
1.000000 -0.000000 0.000000 0.000000
-0.000000 0.975396 0.220462 0.125906
-0.000000 -0.220462 0.975396 0.000000
0.000000 0.000000 0.000000 1.000000
2

DEF-spine.003
1.000000 0.000000 0.000000 0.000000
-0.000000 0.991279 0.131777 0.160013
0.000000 -0.131777 0.991279 0.000000
0.000000 0.000000 0.000000 1.000000
3

DEF-spine.004
1.000000 -0.000000 -0.000000 0.000000
-0.000000 0.869581 -0.493791 0.178247
0.000000 0.493791 0.869581 0.000000
0.000000 0.000000 0.000000 1.000000
4

DEF-spine.005
1.000000 -0.000000 -0.000000 -0.000000
0.000000 0.966022 0.258462 0.118209
-0.000000 -0.258462 0.966022 -0.000000
0.000000 0.000000 0.000000 1.000000
5

DEF-shoulder.L
0.478973 0.876317 0.051510 0.016863
-0.200955 0.052339 0.978201 0.123592
0.854519 -0.478883 0.201169 0.035561
0.000000 0.000000 0.000000 1.000000
4

DEF-upper_arm.L
-0.053091 0.452232 0.890319 -0.001609
0.078276 0.890718 -0.447767 0.171974
-0.995517 0.045918 -0.082688 -0.001519
0.000000 0.000000 0.000000 1.000000
7

DEF-upper_arm.L.001
1.000000 -0.000001 0.000001 0.000000
0.000001 1.000000 0.000000 0.151015
-0.000001 -0.000000 1.000000 -0.000000
0.000000 0.000000 0.000000 1.000000
8

DEF-forearm.L
1.000000 0.000000 0.000000 0.000000
-0.000000 0.997944 -0.064088 0.151014
-0.000000 0.064088 0.997944 -0.000000
0.000000 0.000000 0.000000 1.000000
9

DEF-forearm.L.001
1.000000 -0.000000 0.000000 -0.000000
0.000000 1.000000 0.000000 0.129525
-0.000000 -0.000000 1.000000 -0.000000
0.000000 0.000000 0.000000 1.000000
10

DEF-hand.L
0.999895 -0.014460 0.000001 0.000000
0.014459 0.999835 -0.011040 0.129525
0.000158 0.011039 0.999939 -0.000000
0.000000 0.000000 0.000000 1.000000
11

DEF-palm.01.L
-0.015126 -0.014124 0.999786 -0.006864
0.155928 0.987634 0.016311 0.043137
-0.987653 0.156142 -0.012736 0.023438
0.000000 0.000000 0.000000 1.000000
12

DEF-f_index.01.L
0.995850 0.077001 -0.048514 -0.000000
-0.080581 0.993788 -0.076762 0.076627
0.042302 0.080352 0.995868 0.000000
0.000000 0.000000 0.000000 1.000000
13

DEF-f_index.02.L
1.000000 -0.000000 0.000000 0.000000
0.000000 1.000000 -0.000001 0.046517
-0.000000 0.000001 1.000000 -0.000000
0.000000 0.000000 0.000000 1.000000
14

DEF-f_index.03.L
1.000000 0.000000 -0.000005 -0.000000
-0.000000 1.000000 0.000001 0.030173
0.000005 -0.000001 1.000000 -0.000000
0.000000 0.000000 0.000000 1.000000
15

DEF-thumb.01.L
-0.247406 -0.477116 0.843298 -0.007202
-0.033463 0.874044 0.484694 0.010021
-0.968334 0.091697 -0.232210 0.021019
0.000000 0.000000 0.000000 1.000000
13

DEF-thumb.02.L
0.999999 -0.001431 -0.000000 0.000000
0.001424 0.995084 -0.099030 0.039754
0.000142 0.099030 0.995085 0.000000
0.000000 0.000000 0.000000 1.000000
17

DEF-thumb.03.L
0.999996 0.002942 -0.000167 -0.000000
-0.002942 0.993181 -0.116546 0.034543
-0.000177 0.116546 0.993185 0.000000
0.000000 0.000000 0.000000 1.000000
18

DEF-palm.02.L
0.058909 0.021886 0.998023 -0.008611
0.053913 0.998231 -0.025073 0.046917
-0.996807 0.055284 0.057625 0.005145
0.000000 0.000000 0.000000 1.000000
12

DEF-f_middle.01.L
0.998649 0.045038 0.025917 0.000000
-0.044154 0.998456 -0.033705 0.075309
-0.027395 0.032516 0.999096 -0.000000
0.000000 0.000000 0.000000 1.000000
20

DEF-f_middle.02.L
1.000000 0.000000 -0.000262 0.000000
-0.000000 1.000000 -0.000002 0.047864
0.000262 0.000002 1.000000 -0.000000
0.000000 0.000000 0.000000 1.000000
21

DEF-f_middle.03.L
1.000000 -0.000000 -0.000250 -0.000000
0.000000 1.000000 0.000001 0.033015
0.000250 -0.000001 1.000000 -0.000000
0.000000 0.000000 0.000000 1.000000
22

DEF-palm.03.L
0.111635 0.077698 0.990707 -0.006957
-0.060125 0.995641 -0.071310 0.045726
-0.991929 -0.051606 0.115820 -0.011750
0.000000 0.000000 0.000000 1.000000
12

DEF-f_ring.01.L
0.999513 -0.017841 -0.025614 0.000073
0.019350 0.998014 0.059948 0.075605
0.024494 -0.060414 0.997873 -0.001120
0.000000 0.000000 0.000000 1.000000
24

DEF-f_ring.02.L
1.000000 0.000000 0.000417 -0.000000
-0.000000 1.000000 0.000000 0.045539
-0.000417 -0.000000 1.000000 0.000000
0.000000 0.000000 0.000000 1.000000
25

DEF-f_ring.03.L
1.000000 0.000000 -0.000234 0.000000
-0.000000 1.000000 -0.000004 0.033550
0.000234 0.000004 1.000000 0.000000
0.000000 0.000000 0.000000 1.000000
26

DEF-palm.04.L
0.167490 0.132233 0.976965 -0.003583
-0.152760 0.982477 -0.106790 0.042203
-0.973967 -0.131355 0.184755 -0.027897
0.000000 0.000000 0.000000 1.000000
12

DEF-f_pinky.01.L
0.999191 -0.039521 0.007377 0.000062
0.038217 0.990663 0.130866 0.076473
-0.012480 -0.130478 0.991372 0.000006
0.000000 0.000000 0.000000 1.000000
28

DEF-f_pinky.02.L
1.000000 0.000000 -0.000000 -0.000000
-0.000000 1.000000 -0.000000 0.035258
0.000000 0.000000 1.000000 -0.000000
0.000000 0.000000 0.000000 1.000000
29

DEF-f_pinky.03.L
1.000000 0.000000 -0.000421 0.000000
-0.000000 1.000000 -0.000003 0.028505
0.000421 0.000003 1.000000 -0.000000
0.000000 0.000000 0.000000 1.000000
30

DEF-shoulder.R
0.478973 -0.876317 -0.051510 -0.016863
0.200955 0.052339 0.978201 0.123592
-0.854519 -0.478883 0.201169 0.035561
0.000000 0.000000 0.000000 1.000000
4

DEF-upper_arm.R
-0.053091 -0.452232 -0.890319 0.001609
-0.078276 0.890717 -0.447767 0.171974
0.995517 0.045918 -0.082688 -0.001520
0.000000 0.000000 0.000000 1.000000
32

DEF-upper_arm.R.001
1.000000 0.000001 -0.000001 -0.000000
-0.000001 1.000000 -0.000000 0.151015
0.000001 0.000000 1.000000 -0.000000
0.000000 0.000000 0.000000 1.000000
33

DEF-forearm.R
1.000000 -0.000000 -0.000001 0.000000
0.000000 0.997944 -0.064088 0.151015
0.000001 0.064088 0.997944 -0.000000
0.000000 0.000000 0.000000 1.000000
34

DEF-forearm.R.001
1.000000 -0.000000 -0.000000 0.000000
0.000000 1.000000 0.000000 0.129525
0.000000 -0.000000 1.000000 -0.000000
0.000000 0.000000 0.000000 1.000000
35

DEF-hand.R
0.999896 0.014460 -0.000001 -0.000000
-0.014459 0.999835 -0.011041 0.129525
-0.000158 0.011039 0.999939 0.000000
0.000000 0.000000 0.000000 1.000000
36

DEF-palm.01.R
-0.015126 0.014124 -0.999786 0.006864
-0.155928 0.987634 0.016311 0.043136
0.987653 0.156142 -0.012736 0.023438
0.000000 0.000000 0.000000 1.000000
37

DEF-f_index.01.R
0.995850 -0.077001 0.048514 0.000000
0.080581 0.993788 -0.076762 0.076627
-0.042302 0.080352 0.995868 0.000000
0.000000 0.000000 0.000000 1.000000
38

DEF-f_index.02.R
1.000000 0.000000 -0.000000 -0.000000
-0.000000 1.000000 -0.000001 0.046517
0.000000 0.000001 1.000000 0.000000
0.000000 0.000000 0.000000 1.000000
39

DEF-f_index.03.R
1.000000 -0.000000 0.000005 -0.000000
0.000000 1.000000 0.000001 0.030173
-0.000005 -0.000001 1.000000 0.000000
0.000000 0.000000 0.000000 1.000000
40

DEF-thumb.01.R
-0.247406 0.477116 -0.843297 0.007202
0.033463 0.874044 0.484694 0.010021
0.968334 0.091696 -0.232210 0.021019
0.000000 0.000000 0.000000 1.000000
38

DEF-thumb.02.R
0.999999 0.001432 0.000000 -0.000000
-0.001424 0.995083 -0.099030 0.039754
-0.000142 0.099030 0.995084 -0.000000
0.000000 0.000000 0.000000 1.000000
42

DEF-thumb.03.R
0.999996 -0.002943 0.000167 -0.000000
0.002942 0.993181 -0.116546 0.034543
0.000177 0.116546 0.993185 0.000000
0.000000 0.000000 0.000000 1.000000
43

DEF-palm.02.R
0.058909 -0.021886 -0.998023 0.008611
-0.053913 0.998231 -0.025073 0.046917
0.996807 0.055283 0.057625 0.005145
0.000000 0.000000 0.000000 1.000000
37

DEF-f_middle.01.R
0.998649 -0.045038 -0.025917 0.000000
0.044154 0.998456 -0.033705 0.075309
0.027395 0.032516 0.999096 0.000000
0.000000 0.000000 0.000000 1.000000
45

DEF-f_middle.02.R
1.000000 -0.000000 0.000262 0.000000
0.000000 1.000000 -0.000002 0.047863
-0.000262 0.000002 1.000000 -0.000000
0.000000 0.000000 0.000000 1.000000
46

DEF-f_middle.03.R
1.000000 0.000000 0.000250 0.000000
-0.000000 1.000000 0.000001 0.033015
-0.000250 -0.000001 1.000000 -0.000000
0.000000 0.000000 0.000000 1.000000
47

DEF-palm.03.R
0.111635 -0.077698 -0.990707 0.006957
0.060126 0.995641 -0.071310 0.045725
0.991929 -0.051606 0.115820 -0.011750
0.000000 0.000000 0.000000 1.000000
37

DEF-f_ring.01.R
0.999513 0.017841 0.025614 -0.000073
-0.019350 0.998014 0.059948 0.075605
-0.024494 -0.060414 0.997873 -0.001120
0.000000 0.000000 0.000000 1.000000
49

DEF-f_ring.02.R
1.000000 -0.000000 0.000043 0.000000
0.000000 1.000000 0.000000 0.045539
-0.000043 -0.000000 1.000000 0.000000
0.000000 0.000000 0.000000 1.000000
50

DEF-f_ring.03.R
1.000000 -0.000000 -0.000226 -0.000000
0.000000 1.000000 -0.000004 0.033550
0.000226 0.000004 1.000000 -0.000000
0.000000 0.000000 0.000000 1.000000
51

DEF-palm.04.R
0.167491 -0.132233 -0.976965 0.003583
0.152761 0.982477 -0.106790 0.042203
0.973967 -0.131356 0.184756 -0.027897
0.000000 0.000000 0.000000 1.000000
37

DEF-f_pinky.01.R
0.999192 0.039521 -0.007376 -0.000062
-0.038217 0.990663 0.130866 0.076473
0.012480 -0.130478 0.991372 0.000007
0.000000 0.000000 0.000000 1.000000
53

DEF-f_pinky.02.R
1.000000 -0.000000 0.000000 0.000000
0.000000 1.000000 -0.000000 0.035259
-0.000000 0.000000 1.000000 0.000000
0.000000 0.000000 0.000000 1.000000
54

DEF-f_pinky.03.R
1.000000 -0.000000 0.000421 -0.000000
0.000000 1.000000 -0.000003 0.028505
-0.000421 0.000003 1.000000 -0.000000
0.000000 0.000000 0.000000 1.000000
55

DEF-pelvis.L
-0.421772 0.536322 -0.731073 0.000000
-0.088728 0.778015 0.621949 0.000000
0.902350 0.327188 -0.280558 -0.000000
0.000000 0.000000 0.000000 1.000000
1

DEF-pelvis.R
-0.421772 -0.536322 0.731073 0.000000
0.088728 0.778015 0.621949 0.000000
-0.902350 0.327187 -0.280558 -0.000000
0.000000 0.000000 0.000000 1.000000
1

DEF-thigh.L
1.000000 -0.000000 -0.000155 0.090304
-0.000033 -0.977511 -0.210886 0.064247
-0.000152 0.210886 -0.977510 0.026498
0.000000 0.000000 0.000000 1.000000
1

DEF-thigh.L.001
1.000000 -0.000000 -0.000000 0.000000
0.000000 1.000000 0.000000 0.218417
0.000000 -0.000000 1.000000 0.000000
0.000000 0.000000 0.000000 1.000000
59

DEF-shin.L
1.000000 0.000017 -0.000085 0.000000
-0.000026 0.994196 -0.107581 0.218417
0.000083 0.107581 0.994196 0.000000
0.000000 0.000000 0.000000 1.000000
60

DEF-shin.L.001
1.000000 -0.000000 0.000000 -0.000000
-0.000000 1.000000 -0.000000 0.205250
-0.000000 0.000000 1.000000 0.000000
0.000000 0.000000 0.000000 1.000000
61

DEF-foot.L
1.000000 -0.000216 -0.000139 -0.000000
0.000220 0.435891 0.900000 0.205250
-0.000134 -0.900000 0.435891 0.000000
0.000000 0.000000 0.000000 1.000000
62

DEF-toe.L
-1.000000 -0.000090 -0.000225 -0.000000
-0.000001 0.929001 -0.370078 0.169887
0.000243 -0.370078 -0.929001 -0.000000
0.000000 0.000000 0.000000 1.000000
63

DEF-thigh.R
1.000000 -0.000000 -0.000156 -0.090304
-0.000033 -0.977511 -0.210886 0.064247
-0.000152 0.210886 -0.977510 0.026498
0.000000 0.000000 0.000000 1.000000
1

DEF-thigh.R.001
1.000000 -0.000000 -0.000000 -0.000000
0.000000 1.000000 0.000000 0.218417
0.000000 -0.000000 1.000000 0.000000
0.000000 0.000000 0.000000 1.000000
65

DEF-shin.R
1.000000 0.000017 -0.000085 -0.000000
-0.000026 0.994196 -0.107581 0.218417
0.000083 0.107581 0.994196 0.000000
0.000000 0.000000 0.000000 1.000000
66

DEF-shin.R.001
1.000000 -0.000000 0.000000 0.000000
0.000000 1.000000 -0.000000 0.205250
-0.000000 0.000000 1.000000 -0.000000
0.000000 0.000000 0.000000 1.000000
67

DEF-foot.R
1.000000 -0.000216 -0.000139 0.000000
0.000220 0.435891 0.900000 0.205250
-0.000134 -0.900000 0.435891 -0.000000
0.000000 0.000000 0.000000 1.000000
68

DEF-toe.R
-1.000000 -0.000090 -0.000229 0.000000
0.000001 0.929001 -0.370078 0.169886
0.000246 -0.370078 -0.929001 -0.000000
0.000000 0.000000 0.000000 1.000000
69

vertices:
0.031355 1.378954 0.130055
0.192999 0.125584 0.973113
1.000000 0.000000 0.000000
4 -1 -1 -1

0.000000 1.410385 0.123839
0.000000 0.416242 0.909238
1.000000 0.000000 0.000000
4 -1 -1 -1

0.000000 1.379146 0.133115
0.000000 0.133732 0.990997
1.000000 0.000000 0.000000
4 -1 -1 -1

0.061494 1.378192 0.120990
0.379284 0.101291 0.919706
1.000000 0.000000 0.000000
4 -1 -1 -1

0.032139 1.410278 0.120811
0.177557 0.407941 0.895566
1.000000 0.000000 0.000000
4 -1 -1 -1

0.089262 1.376881 0.106269
0.551592 0.062929 0.831690
1.000000 0.000000 0.000000
4 -1 -1 -1

0.063020 1.409508 0.111845
0.354106 0.381298 0.853908
1.000000 0.000000 0.000000
4 -1 -1 -1

0.113589 1.375054 0.086458
0.702506 0.013428 0.711509
1.000000 0.000000 0.000000
4 -1 -1 -1

0.091453 1.408081 0.097285
0.523728 0.337626 0.782098
1.000000 0.000000 0.000000
4 -1 -1 -1

0.133540 1.372757 0.062319
0.824976 -0.043275 0.563463
1.000000 0.000000 0.000000
4 -1 -1 -1

0.116344 1.406022 0.077690
0.679678 0.279275 0.678243
1.000000 0.000000 0.000000
4 -1 -1 -1

0.148346 1.370046 0.034779
0.913327 -0.102725 0.393963
1.000000 0.000000 0.000000
4 -1 -1 -1

0.136735 1.403376 0.053814
0.813257 0.210486 0.542467
1.000000 0.000000 0.000000
4 -1 -1 -1

0.157435 1.366999 0.004895
0.964202 -0.160466 0.211005
1.000000 0.000000 0.000000
4 -1 -1 -1

0.151840 1.400213 0.026574
0.915372 0.137120 0.378491
1.000000 0.000000 0.000000
4 -1 -1 -1

0.160471 1.363718 -0.026182
0.975494 -0.218177 0.027406
1.000000 0.000000 0.000000
4 -1 -1 -1

0.161085 1.396634 -0.002995
0.977538 0.062105 0.201361
1.000000 0.000000 0.000000
4 -1 -1 -1

0.157419 1.360317 -0.057422
0.947233 -0.289010 -0.138554
1.000000 0.000000 0.000000
4 -1 -1 -1

0.164644 1.392768 -0.034856
0.999054 -0.023804 0.035676
1.000000 0.000000 0.000000
4 -1 -1 -1

0.148712 1.356860 -0.088022
0.880306 -0.375225 -0.290231
1.000000 0.000000 0.000000
4 -1 -1 -1

0.163033 1.388652 -0.067897
0.985076 -0.127903 -0.114902
1.000000 0.000000 0.000000
4 -1 -1 -1

0.134507 1.353564 -0.116036
0.764092 -0.452376 -0.459883
1.000000 0.000000 0.000000
4 -1 -1 -1

0.156099 1.384327 -0.099961
0.930662 -0.230171 -0.284280
1.000000 0.000000 0.000000
4 -1 -1 -1

0.114705 1.350752 -0.138017
0.585467 -0.478622 -0.654256
1.000000 0.000000 0.000000
4 -1 -1 -1

0.142762 1.380262 -0.128529
0.808802 -0.301950 -0.504624
1.000000 0.000000 0.000000
4 -1 -1 -1

0.096229 1.374852 -0.163818
0.357006 -0.283670 -0.889950
1.000000 0.000000 0.000000
4 -1 -1 -1

0.089862 1.348607 -0.153429
0.401959 -0.436720 -0.804773
1.000000 0.000000 0.000000
4 -1 -1 -1

0.065363 1.373401 -0.171201
0.181402 -0.210883 -0.960509
1.000000 0.000000 0.000000
4 -1 -1 -1

0.061473 1.347048 -0.163468
0.249062 -0.365184 -0.896969
1.000000 0.000000 0.000000
4 -1 -1 -1

0.032558 1.372348 -0.174587
0.081515 -0.137791 -0.987091
1.000000 0.000000 0.000000
4 -1 -1 -1

0.031210 1.346001 -0.169307
0.123753 -0.313669 -0.941404
1.000000 0.000000 0.000000
4 -1 -1 -1

0.000000 1.371876 -0.175890
0.000000 -0.109775 -0.993927
1.000000 0.000000 0.000000
4 -1 -1 -1

0.000000 1.345621 -0.171147
0.000000 -0.301309 -0.953520
1.000000 0.000000 0.000000
4 -1 -1 -1

0.024323 0.899771 0.099367
0.302286 -0.547288 0.780389
1.000000 0.000000 0.000000
1 -1 -1 -1

0.000000 0.939348 0.119801
0.000000 -0.228156 0.973601
1.000000 0.000000 0.000000
1 -1 -1 -1

0.000000 0.897695 0.101566
0.000000 -0.538438 0.842647
1.000000 0.000000 0.000000
1 -1 -1 -1

0.041501 0.906896 0.092827
0.620472 -0.520737 0.586352
1.000000 0.000000 0.000000
1 -1 -1 -1

0.031004 0.939737 0.117250
0.229896 -0.257851 0.938414
1.000000 0.000000 0.000000
1 -1 -1 -1

0.053527 0.916929 0.082153
0.801691 -0.485885 0.348033
1.000000 0.000000 0.000000
1 -1 -1 -1

0.054787 0.945300 0.109697
0.521104 -0.309397 0.795404
1.000000 0.000000 0.000000
1 -1 -1 -1

0.063595 0.927670 0.067773
0.831202 -0.497909 0.247322
1.000000 0.000000 0.000000
1 -1 -1 -1

0.071975 0.954844 0.097430
0.720878 -0.371136 0.585253
1.000000 0.000000 0.000000
1 -1 -1 -1

0.073863 0.936225 0.050221
0.782983 -0.552538 0.285623
1.000000 0.000000 0.000000
1 -1 -1 -1

0.087142 0.965199 0.080922
0.765587 -0.462691 0.446913
1.000000 0.000000 0.000000
1 -1 -1 -1

0.085897 0.940121 0.030112
0.694540 -0.609088 0.382824
1.000000 0.000000 0.000000
1 -1 -1 -1

0.103050 0.972494 0.060807
0.719016 -0.536210 0.442061
1.000000 0.000000 0.000000
1 -1 -1 -1

0.099387 0.938605 0.008178
0.625874 -0.644612 0.438978
1.000000 0.000000 0.000000
1 -1 -1 -1

0.120346 0.974397 0.037858
0.675985 -0.556291 0.483261
1.000000 0.000000 0.000000
1 -1 -1 -1

0.111067 0.933677 -0.014823
0.629719 -0.662801 0.405072
1.000000 0.000000 0.000000
1 -1 -1 -1

0.136677 0.971351 0.012957
0.712760 -0.531968 0.457076
1.000000 0.000000 0.000000
1 -1 -1 -1

0.152508 0.958764 -0.038838
0.877895 -0.466048 0.109775
1.000000 0.000000 0.000000
1 -1 -1 -1

0.118205 0.927457 -0.038124
0.681448 -0.673147 0.287118
1.000000 0.000000 0.000000
1 -1 -1 -1

0.149293 0.952405 -0.064004
0.897275 -0.396008 -0.195013
1.000000 0.000000 0.000000
1 -1 -1 -1

0.119616 0.921362 -0.060928
0.731132 -0.678884 0.067141
1.000000 0.000000 0.000000
1 -1 -1 -1

0.137967 0.948294 -0.087671
0.800378 -0.302377 -0.517624
1.000000 0.000000 0.000000
1 -1 -1 -1

0.114043 0.916977 -0.082354
0.710105 -0.642598 -0.287637
1.000000 0.000000 0.000000
1 -1 -1 -1

0.116575 0.949119 -0.108826
0.626179 -0.188665 -0.756493
1.000000 0.000000 0.000000
1 -1 -1 -1

0.099641 0.916310 -0.101437
0.564562 -0.552263 -0.613392
1.000000 0.000000 0.000000
1 -1 -1 -1

0.089725 0.951935 -0.126387
0.475082 -0.133152 -0.869778
1.000000 0.000000 0.000000
1 -1 -1 -1

0.077093 0.919491 -0.117206
0.402142 -0.480911 -0.779046
1.000000 0.000000 0.000000
1 -1 -1 -1

0.061593 0.953975 -0.139417
0.332072 -0.109348 -0.936857
1.000000 0.000000 0.000000
1 -1 -1 -1

0.052933 0.921861 -0.128828
0.282540 -0.452071 -0.846034
1.000000 0.000000 0.000000
1 -1 -1 -1

0.031400 0.954981 -0.147334
0.166295 -0.094668 -0.981506
1.000000 0.000000 0.000000
1 -1 -1 -1

0.026985 0.922952 -0.135817
0.145207 -0.436048 -0.888119
1.000000 0.000000 0.000000
1 -1 -1 -1

0.000000 0.954786 -0.149775
0.000000 -0.096011 -0.995361
1.000000 0.000000 0.000000
1 -1 -1 -1

0.000000 0.922615 -0.137853
0.000000 -0.433119 -0.901303
1.000000 0.000000 0.000000
1 -1 -1 -1

0.561987 1.446010 -0.139229
0.075625 -0.381298 -0.921323
1.000000 0.000000 0.000000
10 -1 -1 -1

0.519155 1.437778 -0.135889
-0.033113 -0.554949 -0.831202
1.000000 0.000000 0.000000
10 -1 -1 -1

0.519237 1.445994 -0.140281
-0.030885 -0.382275 -0.923521
1.000000 0.000000 0.000000
10 -1 -1 -1

0.177175 0.801277 0.007326
0.983612 -0.011444 0.179785
1.000000 0.000000 0.000000
59 -1 -1 -1

0.164824 0.941061 0.024022
0.479110 0.823145 0.304666
1.000000 0.000000 0.000000
59 -1 -1 -1

0.172549 0.802268 0.023887
0.934751 -0.014466 0.354900
1.000000 0.000000 0.000000
59 -1 -1 -1

0.562051 1.454920 -0.141929
0.079287 -0.193915 -0.977783
1.000000 0.000000 0.000000
10 -1 -1 -1

0.519287 1.454909 -0.142985
-0.029542 -0.194922 -0.980346
1.000000 0.000000 0.000000
10 -1 -1 -1

0.127509 0.235598 -0.013002
0.744926 -0.169836 0.645131
1.000000 0.000000 0.000000
61 -1 -1 -1

0.131368 0.340282 0.012518
0.604846 -0.144139 0.783135
1.000000 0.000000 0.000000
61 -1 -1 -1

0.120283 0.235048 -0.006284
0.600299 -0.175420 0.780267
1.000000 0.000000 0.000000
61 -1 -1 -1

0.561771 1.430601 -0.128938
0.066439 -0.705649 -0.705405
1.000000 0.000000 0.000000
10 -1 -1 -1

0.518909 1.424668 -0.122779
-0.039735 -0.830439 -0.555620
1.000000 0.000000 0.000000
10 -1 -1 -1

0.519044 1.430578 -0.129980
-0.036103 -0.706290 -0.706992
1.000000 0.000000 0.000000
10 -1 -1 -1

0.561627 1.424693 -0.121743
0.061281 -0.830103 -0.554186
1.000000 0.000000 0.000000
10 -1 -1 -1

0.518754 1.420278 -0.114565
-0.043855 -0.922697 -0.382977
1.000000 0.000000 0.000000
10 -1 -1 -1

0.178741 0.800590 -0.009939
0.999908 -0.012146 0.000397
1.000000 0.000000 0.000000
59 -1 -1 -1

0.168802 0.943758 0.006543
0.513871 0.843135 0.158208
1.000000 0.000000 0.000000
59 -1 -1 -1

0.561466 1.420303 -0.113533
0.056032 -0.922636 -0.381542
1.000000 0.000000 0.000000
10 -1 -1 -1

0.518587 1.417575 -0.105652
-0.048341 -0.979461 -0.195685
1.000000 0.000000 0.000000
10 -1 -1 -1

0.133440 0.236270 -0.021186
0.855037 -0.162969 0.492264
1.000000 0.000000 0.000000
61 -1 -1 -1

0.140990 0.341335 0.003592
0.750389 -0.132359 0.647603
1.000000 0.000000 0.000000
61 -1 -1 -1

0.561295 1.417600 -0.104625
0.050874 -0.979644 -0.194098
1.000000 0.000000 0.000000
10 -1 -1 -1

0.518412 1.416662 -0.096383
-0.053011 -0.998566 -0.000946
1.000000 0.000000 0.000000
10 -1 -1 -1

0.561120 1.416687 -0.095360
0.045991 -0.998932 0.000855
1.000000 0.000000 0.000000
10 -1 -1 -1

0.518238 1.417576 -0.087115
-0.057680 -0.979339 0.193793
1.000000 0.000000 0.000000
10 -1 -1 -1

0.177184 0.801187 -0.027207
0.983825 -0.013337 -0.178533
1.000000 0.000000 0.000000
59 -1 -1 -1

0.170154 0.944727 -0.011636
0.526231 0.850307 -0.000977
1.000000 0.000000 0.000000
59 -1 -1 -1

0.560948 1.417599 -0.086096
0.041597 -0.979736 0.195837
1.000000 0.000000 0.000000
10 -1 -1 -1

0.518070 1.420280 -0.078203
-0.062166 -0.922452 0.381024
1.000000 0.000000 0.000000
10 -1 -1 -1

0.141488 0.238734 -0.051180
0.989990 -0.140507 -0.010956
1.000000 0.000000 0.000000
61 -1 -1 -1

0.158365 0.345621 -0.033161
0.982727 -0.091617 0.160649
1.000000 0.000000 0.000000
61 -1 -1 -1

0.140567 0.237868 -0.040649
0.975951 -0.147893 0.160039
1.000000 0.000000 0.000000
61 -1 -1 -1

0.560785 1.420302 -0.077187
0.037843 -0.922819 0.383343
1.000000 0.000000 0.000000
10 -1 -1 -1

0.517915 1.424672 -0.069989
-0.066317 -0.830134 0.553545
1.000000 0.000000 0.000000
10 -1 -1 -1

0.560638 1.424692 -0.068977
0.034913 -0.830348 0.556108
1.000000 0.000000 0.000000
10 -1 -1 -1

0.517779 1.430581 -0.062790
-0.069918 -0.705954 0.704764
1.000000 0.000000 0.000000
10 -1 -1 -1

0.164836 0.941045 -0.047307
0.481735 0.821070 -0.306162
1.000000 0.000000 0.000000
59 -1 -1 -1

0.172564 0.802175 -0.043769
0.935179 -0.018708 -0.353618
1.000000 0.000000 0.000000
59 -1 -1 -1

0.560513 1.430599 -0.061781
0.032868 -0.705924 0.707511
1.000000 0.000000 0.000000
10 -1 -1 -1

0.517668 1.437782 -0.056882
-0.072878 -0.554643 0.828852
1.000000 0.000000 0.000000
10 -1 -1 -1

0.154753 0.344057 -0.019695
0.937986 -0.105411 0.330149
1.000000 0.000000 0.000000
61 -1 -1 -1

0.137849 0.237036 -0.030522
0.931455 -0.155492 0.328898
1.000000 0.000000 0.000000
61 -1 -1 -1

0.560413 1.437797 -0.055876
0.031831 -0.554338 0.831660
1.000000 0.000000 0.000000
10 -1 -1 -1

0.517585 1.445996 -0.052492
-0.075106 -0.382061 0.921049
1.000000 0.000000 0.000000
10 -1 -1 -1

0.560343 1.446009 -0.051488
0.031800 -0.381481 0.923795
1.000000 0.000000 0.000000
10 -1 -1 -1

0.517533 1.454910 -0.049788
-0.076449 -0.194800 0.977844
1.000000 0.000000 0.000000
10 -1 -1 -1

0.158458 0.936996 -0.063426
0.427198 0.790704 -0.438459
1.000000 0.000000 0.000000
59 -1 -1 -1

0.165132 0.803180 -0.058978
0.855953 -0.026856 -0.516312
1.000000 0.000000 0.000000
59 -1 -1 -1

0.560306 1.454919 -0.048787
0.032777 -0.194006 0.980438
1.000000 0.000000 0.000000
10 -1 -1 -1

0.517516 1.464180 -0.048874
-0.076907 -0.000031 0.997009
1.000000 0.000000 0.000000
10 -1 -1 -1

0.137874 0.240433 -0.071833
0.928159 -0.126865 -0.349834
1.000000 0.000000 0.000000
61 -1 -1 -1

0.158359 0.348858 -0.061168
0.981017 -0.065065 -0.182623
1.000000 0.000000 0.000000
61 -1 -1 -1

0.140579 0.239600 -0.061710
0.974212 -0.133488 -0.181738
1.000000 0.000000 0.000000
61 -1 -1 -1

0.560303 1.464185 -0.047876
0.034761 0.000824 0.999390
1.000000 0.000000 0.000000
10 -1 -1 -1

0.517532 1.473451 -0.049787
-0.076418 0.194678 0.977874
1.000000 0.000000 0.000000
10 -1 -1 -1

0.560399 1.482358 -0.051493
0.041322 0.382733 0.922910
1.000000 0.000000 0.000000
10 -1 -1 -1

0.517583 1.482365 -0.052490
-0.075045 0.381970 0.921110
1.000000 0.000000 0.000000
10 -1 -1 -1

0.149957 0.931956 -0.077557
0.350566 0.752953 -0.556871
1.000000 0.000000 0.000000
59 -1 -1 -1

0.155327 0.803577 -0.072262
0.748466 -0.037782 -0.662038
1.000000 0.000000 0.000000
59 -1 -1 -1

0.560493 1.490567 -0.055881
0.045656 0.555101 0.830500
1.000000 0.000000 0.000000
10 -1 -1 -1

0.517665 1.490581 -0.056879
-0.072817 0.554582 0.828913
1.000000 0.000000 0.000000
10 -1 -1 -1

0.133478 0.241201 -0.081161
0.850459 -0.120670 -0.511948
1.000000 0.000000 0.000000
61 -1 -1 -1

0.154743 0.350408 -0.074633
0.934690 -0.052705 -0.351512
1.000000 0.000000 0.000000
61 -1 -1 -1

0.560615 1.497762 -0.061787
0.050478 0.706076 0.706290
1.000000 0.000000 0.000000
10 -1 -1 -1

0.517776 1.497782 -0.062787
-0.069857 0.705893 0.704825
1.000000 0.000000 0.000000
10 -1 -1 -1

0.560758 1.503666 -0.068982
0.055605 0.829890 0.555101
1.000000 0.000000 0.000000
10 -1 -1 -1

0.517911 1.503693 -0.069987
-0.066225 0.830103 0.553606
1.000000 0.000000 0.000000
10 -1 -1 -1

0.139696 0.926285 -0.089170
0.248939 0.709830 -0.658864
1.000000 0.000000 0.000000
59 -1 -1 -1

0.143580 0.803326 -0.083225
0.613483 -0.049074 -0.788141
1.000000 0.000000 0.000000
59 -1 -1 -1

0.560919 1.508053 -0.077190
0.060823 0.921873 0.382672
1.000000 0.000000 0.000000
10 -1 -1 -1

0.518065 1.508085 -0.078201
-0.062105 0.922452 0.381054
1.000000 0.000000 0.000000
10 -1 -1 -1

0.127561 0.241874 -0.089336
0.739647 -0.114841 -0.663106
1.000000 0.000000 0.000000
61 -1 -1 -1

0.148872 0.351830 -0.087040
0.856502 -0.041169 -0.514450
1.000000 0.000000 0.000000
61 -1 -1 -1

0.561089 1.510754 -0.086096
0.065981 0.978423 0.195685
1.000000 0.000000 0.000000
10 -1 -1 -1

0.518233 1.510790 -0.087114
-0.057619 0.979339 0.193793
1.000000 0.000000 0.000000
10 -1 -1 -1

0.561264 1.511666 -0.095358
0.070833 0.997467 0.001282
1.000000 0.000000 0.000000
10 -1 -1 -1

0.518407 1.511703 -0.096383
-0.052950 0.998596 -0.000916
1.000000 0.000000 0.000000
10 -1 -1 -1

0.128095 0.920327 -0.097832
0.118046 0.663808 -0.738517
1.000000 0.000000 0.000000
59 -1 -1 -1

0.130377 0.802470 -0.091532
0.448988 -0.058962 -0.891568
1.000000 0.000000 0.000000
59 -1 -1 -1

0.561436 1.510753 -0.104619
0.075198 0.978271 -0.193060
1.000000 0.000000 0.000000
10 -1 -1 -1

0.518582 1.510791 -0.105653
-0.048280 0.979461 -0.195685
1.000000 0.000000 0.000000
10 -1 -1 -1

0.120349 0.242426 -0.096045
0.595050 -0.109287 -0.796197
1.000000 0.000000 0.000000
61 -1 -1 -1

0.140974 0.353072 -0.097914
0.744957 -0.030641 -0.666402
1.000000 0.000000 0.000000
61 -1 -1 -1

0.561599 1.508052 -0.113525
0.078951 0.921598 -0.379986
1.000000 0.000000 0.000000
10 -1 -1 -1

0.518750 1.508087 -0.114567
-0.043794 0.922666 -0.383007
1.000000 0.000000 0.000000
10 -1 -1 -1

0.561746 1.503664 -0.121733
0.081881 0.829554 -0.552324
1.000000 0.000000 0.000000
10 -1 -1 -1

0.518904 1.503696 -0.122782
-0.039674 0.830409 -0.555681
1.000000 0.000000 0.000000
10 -1 -1 -1

0.115604 0.914343 -0.103197
-0.044282 0.620533 -0.782922
1.000000 0.000000 0.000000
59 -1 -1 -1

0.116237 0.801094 -0.096820
0.251869 -0.064974 -0.965545
1.000000 0.000000 0.000000
59 -1 -1 -1

0.561872 1.497760 -0.128928
0.083956 0.705741 -0.703452
1.000000 0.000000 0.000000
10 -1 -1 -1

0.519040 1.497785 -0.129983
-0.036042 0.706229 -0.707022
1.000000 0.000000 0.000000
10 -1 -1 -1

0.112121 0.242836 -0.101030
0.418653 -0.104007 -0.902158
1.000000 0.000000 0.000000
61 -1 -1 -1

0.131351 0.354085 -0.106837
0.599414 -0.021546 -0.800134
1.000000 0.000000 0.000000
61 -1 -1 -1

0.561972 1.490565 -0.134833
0.085025 0.554796 -0.827601
1.000000 0.000000 0.000000
10 -1 -1 -1

0.519152 1.490584 -0.135892
-0.033082 0.554888 -0.831233
1.000000 0.000000 0.000000
10 -1 -1 -1

0.562042 1.482356 -0.139222
0.085086 0.382488 -0.920011
1.000000 0.000000 0.000000
10 -1 -1 -1

0.519235 1.482367 -0.140283
-0.030885 0.382183 -0.923551
1.000000 0.000000 0.000000
10 -1 -1 -1

0.102701 0.908549 -0.105046
-0.223640 0.578143 -0.784661
1.000000 0.000000 0.000000
59 -1 -1 -1

0.101691 0.799314 -0.098814
0.026856 -0.064394 -0.997559
1.000000 0.000000 0.000000
59 -1 -1 -1

0.562079 1.473449 -0.141925
0.084140 0.195471 -0.977081
1.000000 0.000000 0.000000
10 -1 -1 -1

0.519286 1.473452 -0.142986
-0.029542 0.194800 -0.980377
1.000000 0.000000 0.000000
10 -1 -1 -1

0.103192 0.243088 -0.104100
0.216773 -0.098910 -0.971191
1.000000 0.000000 0.000000
61 -1 -1 -1

0.120375 0.354830 -0.113467
0.421888 -0.014374 -0.906522
1.000000 0.000000 0.000000
61 -1 -1 -1

0.562082 1.464184 -0.142839
0.082186 0.000824 -0.996612
1.000000 0.000000 0.000000
10 -1 -1 -1

0.519304 1.464180 -0.143899
-0.029084 -0.000031 -0.999573
1.000000 0.000000 0.000000
10 -1 -1 -1

0.723471 1.487302 -0.101111
0.740593 0.625629 -0.245033
1.000000 0.000000 0.000000
10 -1 -1 -1

0.722895 1.473758 -0.068438
0.726981 0.259011 0.635914
1.000000 0.000000 0.000000
10 -1 -1 -1

0.723213 1.441149 -0.081995
0.746330 -0.609729 0.266823
1.000000 0.000000 0.000000
10 -1 -1 -1

0.474844 1.422183 -0.105772
-0.720695 -0.677236 -0.148015
1.000000 0.000000 0.000000
10 -1 -1 -1

0.473919 1.455829 -0.055443
-0.737846 -0.134251 0.661458
1.000000 0.000000 0.000000
10 -1 -1 -1

0.474537 1.506173 -0.089068
-0.726432 0.676443 0.121158
1.000000 0.000000 0.000000
10 -1 -1 -1

0.561892 1.437799 -0.134842
0.071261 -0.554094 -0.829371
1.000000 0.000000 0.000000
10 -1 -1 -1

0.463521 1.440564 -0.133518
0.702078 -0.405286 -0.585467
1.000000 0.000000 0.000000
8 -1 -1 -1

0.463465 1.447899 -0.137632
0.703269 -0.281137 -0.652943
1.000000 0.000000 0.000000
8 -1 -1 -1

0.463498 1.487852 -0.133532
0.715476 0.395550 -0.575823
1.000000 0.000000 0.000000
8 -1 -1 -1

0.120390 0.339491 0.019149
0.426405 -0.153508 0.891385
1.000000 0.000000 0.000000
61 -1 -1 -1

0.112040 0.234639 -0.001291
0.422987 -0.178899 0.888272
1.000000 0.000000 0.000000
61 -1 -1 -1

0.158441 0.937022 0.040127
0.423292 0.794061 0.436171
1.000000 0.000000 0.000000
59 -1 -1 -1

0.165092 0.803383 0.039095
0.854885 -0.020173 0.518387
1.000000 0.000000 0.000000
59 -1 -1 -1

0.108477 0.338993 0.023231
0.221412 -0.159368 0.962035
1.000000 0.000000 0.000000
61 -1 -1 -1

0.103097 0.234387 0.001785
0.219184 -0.179418 0.959014
1.000000 0.000000 0.000000
61 -1 -1 -1

0.149940 0.931999 0.054244
0.345378 0.757836 0.553484
1.000000 0.000000 0.000000
59 -1 -1 -1

0.155247 0.803993 0.052375
0.747032 -0.028596 0.664144
1.000000 0.000000 0.000000
59 -1 -1 -1

0.096089 0.338806 0.024607
0.001251 -0.160894 0.986969
1.000000 0.000000 0.000000
61 -1 -1 -1

0.093798 0.234301 0.002825
0.000214 -0.176427 0.984283
1.000000 0.000000 0.000000
61 -1 -1 -1

0.139680 0.926346 0.065841
0.242714 0.716483 0.653981
1.000000 0.000000 0.000000
59 -1 -1 -1

0.143466 0.803965 0.063352
0.612323 -0.037568 0.789666
1.000000 0.000000 0.000000
59 -1 -1 -1

0.083701 0.338938 0.023223
-0.219092 -0.157750 0.962859
1.000000 0.000000 0.000000
61 -1 -1 -1

0.084499 0.234386 0.001790
-0.219062 -0.170019 0.960753
1.000000 0.000000 0.000000
61 -1 -1 -1

0.128082 0.920407 0.074489
0.111087 0.672506 0.731681
1.000000 0.000000 0.000000
59 -1 -1 -1

0.130237 0.803327 0.071684
0.448103 -0.045228 0.892819
1.000000 0.000000 0.000000
59 -1 -1 -1

0.071790 0.339384 0.019133
-0.424543 -0.150395 0.892788
1.000000 0.000000 0.000000
61 -1 -1 -1

0.075560 0.234637 -0.001283
-0.423750 -0.160772 0.891385
1.000000 0.000000 0.000000
61 -1 -1 -1

0.115593 0.914435 0.079839
-0.051241 0.631184 0.773919
1.000000 0.000000 0.000000
59 -1 -1 -1

0.116083 0.802147 0.077000
0.250832 -0.049409 0.966735
1.000000 0.000000 0.000000
59 -1 -1 -1

0.060814 0.340127 0.012495
-0.603565 -0.139775 0.784936
1.000000 0.000000 0.000000
61 -1 -1 -1

0.067324 0.235044 -0.006275
-0.602191 -0.149785 0.784143
1.000000 0.000000 0.000000
61 -1 -1 -1

0.102693 0.908649 0.081678
-0.229225 0.590686 0.773614
1.000000 0.000000 0.000000
59 -1 -1 -1

0.101534 0.800526 0.079019
0.025239 -0.047700 0.998535
1.000000 0.000000 0.000000
59 -1 -1 -1

0.060108 0.235593 -0.012994
-0.748009 -0.138096 0.649129
1.000000 0.000000 0.000000
61 -1 -1 -1

0.089870 0.903214 0.079926
-0.408368 0.566851 0.715445
1.000000 0.000000 0.000000
59 -1 -1 -1

0.087118 0.798592 0.077600
-0.212073 -0.038575 0.976470
1.000000 0.000000 0.000000
59 -1 -1 -1

0.051194 0.341139 0.003564
-0.749718 -0.126988 0.649434
1.000000 0.000000 0.000000
61 -1 -1 -1

0.054191 0.236263 -0.021181
-0.859035 -0.126530 0.496017
1.000000 0.000000 0.000000
61 -1 -1 -1

0.077601 0.898243 0.074650
-0.558397 0.556536 0.615162
1.000000 0.000000 0.000000
59 -1 -1 -1

0.073349 0.796482 0.072758
-0.436659 -0.022645 0.899319
1.000000 0.000000 0.000000
59 -1 -1 -1

0.043301 0.342380 -0.007316
-0.860988 -0.113132 0.495834
1.000000 0.000000 0.000000
61 -1 -1 -1

0.049799 0.237028 -0.030521
-0.936125 -0.115818 0.332011
1.000000 0.000000 0.000000
61 -1 -1 -1

0.066333 0.893813 0.066048
-0.668172 0.550493 0.500473
1.000000 0.000000 0.000000
59 -1 -1 -1

0.060716 0.794344 0.064662
-0.627277 -0.002533 0.778741
1.000000 0.000000 0.000000
59 -1 -1 -1

0.037438 0.343804 -0.019727
-0.938200 -0.098972 0.331553
1.000000 0.000000 0.000000
61 -1 -1 -1

0.047102 0.237859 -0.040654
-0.980956 -0.106510 0.162328
1.000000 0.000000 0.000000
61 -1 -1 -1

0.056475 0.889990 0.054455
-0.740135 0.552538 0.383190
1.000000 0.000000 0.000000
59 -1 -1 -1

0.049668 0.792315 0.053621
-0.774255 0.018311 0.632557
1.000000 0.000000 0.000000
59 -1 -1 -1

0.033829 0.345355 -0.033191
-0.983154 -0.085025 0.161657
1.000000 0.000000 0.000000
61 -1 -1 -1

0.046202 0.238724 -0.051190
-0.995056 -0.098697 -0.009552
1.000000 0.000000 0.000000
61 -1 -1 -1

0.048380 0.886840 0.040312
-0.784295 0.556291 0.274575
1.000000 0.000000 0.000000
59 -1 -1 -1

0.040599 0.790522 0.040068
-0.878994 0.036744 0.475356
1.000000 0.000000 0.000000
59 -1 -1 -1

0.032613 0.346973 -0.047191
-0.997375 -0.071596 -0.010468
1.000000 0.000000 0.000000
61 -1 -1 -1

0.047135 0.239589 -0.061723
-0.979064 -0.092502 -0.181280
1.000000 0.000000 0.000000
61 -1 -1 -1

0.042351 0.884438 0.024154
-0.810083 0.559343 0.175573
1.000000 0.000000 0.000000
59 -1 -1 -1

0.033883 0.789168 0.024566
-0.948149 0.050630 0.313700
1.000000 0.000000 0.000000
59 -1 -1 -1

0.033836 0.348597 -0.061188
-0.981445 -0.058870 -0.182440
1.000000 0.000000 0.000000
61 -1 -1 -1

0.049862 0.240422 -0.071849
-0.932493 -0.088015 -0.350230
1.000000 0.000000 0.000000
61 -1 -1 -1

0.038615 0.882862 0.006597
-0.824305 0.559709 0.085025
1.000000 0.000000 0.000000
59 -1 -1 -1

0.029829 0.788261 0.007691
-0.986267 0.058626 0.154241
1.000000 0.000000 0.000000
59 -1 -1 -1

0.037450 0.350163 -0.074645
-0.934904 -0.046999 -0.351726
1.000000 0.000000 0.000000
61 -1 -1 -1

0.054279 0.241190 -0.081177
-0.854060 -0.085208 -0.513077
1.000000 0.000000 0.000000
61 -1 -1 -1

0.037345 0.882282 -0.011686
-0.829615 0.558275 -0.001007
1.000000 0.000000 0.000000
59 -1 -1 -1

0.028470 0.787821 -0.009907
-0.998138 0.060518 -0.000336
1.000000 0.000000 0.000000
59 -1 -1 -1

0.043316 0.351612 -0.087047
-0.856410 -0.036103 -0.515000
1.000000 0.000000 0.000000
61 -1 -1 -1

0.060214 0.241865 -0.089351
-0.742271 -0.084140 -0.664785
1.000000 0.000000 0.000000
61 -1 -1 -1

0.029834 0.787862 -0.027500
-0.986084 0.055971 -0.156407
1.000000 0.000000 0.000000
59 -1 -1 -1

0.051209 0.352888 -0.097916
-0.744377 -0.026429 -0.667196
1.000000 0.000000 0.000000
61 -1 -1 -1

0.067440 0.242419 -0.096057
-0.596545 -0.084689 -0.798059
1.000000 0.000000 0.000000
61 -1 -1 -1

0.038618 0.882832 -0.029968
-0.825831 0.557024 -0.087497
1.000000 0.000000 0.000000
59 -1 -1 -1

0.033950 0.788417 -0.044365
-0.947478 0.044984 -0.316599
1.000000 0.000000 0.000000
59 -1 -1 -1

0.060826 0.353941 -0.106836
-0.598285 -0.018220 -0.801050
1.000000 0.000000 0.000000
61 -1 -1 -1

0.075679 0.242831 -0.101039
-0.419111 -0.086703 -0.903745
1.000000 0.000000 0.000000
61 -1 -1 -1

0.042355 0.884381 -0.047524
-0.812983 0.554094 -0.178899
1.000000 0.000000 0.000000
59 -1 -1 -1

0.040713 0.789557 -0.059880
-0.878384 0.028169 -0.477096
1.000000 0.000000 0.000000
59 -1 -1 -1

0.071798 0.354731 -0.113464
-0.420270 -0.011994 -0.907285
1.000000 0.000000 0.000000
61 -1 -1 -1

0.084615 0.243086 -0.104105
-0.216407 -0.089969 -0.972137
1.000000 0.000000 0.000000
61 -1 -1 -1

0.048383 0.886763 -0.063682
-0.787988 0.548631 -0.279336
1.000000 0.000000 0.000000
59 -1 -1 -1

0.049787 0.791129 -0.073415
-0.773309 0.006836 -0.633931
1.000000 0.000000 0.000000
59 -1 -1 -1

0.083703 0.355228 -0.117546
-0.216773 -0.008301 -0.976165
1.000000 0.000000 0.000000
61 -1 -1 -1

0.093905 0.243173 -0.105139
0.000336 -0.094119 -0.995544
1.000000 0.000000 0.000000
61 -1 -1 -1

0.056475 0.889901 -0.077827
-0.743858 0.542650 -0.390057
1.000000 0.000000 0.000000
59 -1 -1 -1

0.060844 0.793027 -0.084441
-0.625538 -0.016511 -0.779992
1.000000 0.000000 0.000000
59 -1 -1 -1

0.159582 0.347242 -0.047165
0.996857 -0.078097 -0.011078
1.000000 0.000000 0.000000
61 -1 -1 -1

0.066332 0.893716 -0.089425
-0.670705 0.538591 -0.509934
1.000000 0.000000 0.000000
59 -1 -1 -1

0.073488 0.795124 -0.092531
-0.434370 -0.038514 -0.899869
1.000000 0.000000 0.000000
59 -1 -1 -1

0.128441 0.134240 -0.063643
0.673299 -0.724357 -0.148045
1.000000 0.000000 0.000000
61 -1 -1 -1

0.129164 0.133895 -0.055303
0.683401 -0.729392 -0.030183
1.000000 0.000000 0.000000
61 -1 -1 -1

0.053892 0.134002 -0.055294
-0.700278 -0.713218 -0.029450
1.000000 0.000000 0.000000
61 -1 -1 -1

0.077602 0.898139 -0.098026
-0.558519 0.543229 -0.626820
1.000000 0.000000 0.000000
59 -1 -1 -1

0.087268 0.797272 -0.097378
-0.209876 -0.055422 -0.976135
1.000000 0.000000 0.000000
59 -1 -1 -1

0.096084 0.355413 -0.118925
0.001038 -0.007477 -0.999969
1.000000 0.000000 0.000000
61 -1 -1 -1

0.089874 0.903109 -0.103301
-0.405377 0.553301 -0.727653
1.000000 0.000000 0.000000
59 -1 -1 -1

0.148887 0.342610 -0.007285
0.861141 -0.119175 0.494156
1.000000 0.000000 0.000000
61 -1 -1 -1

0.082671 0.662782 -0.087307
-0.208808 -0.068758 -0.975524
1.000000 0.000000 0.000000
59 -1 -1 -1

0.092604 0.539153 -0.078995
-0.012726 -0.709250 -0.704794
1.000000 0.000000 0.000000
59 -1 -1 -1

0.080954 0.539344 -0.077748
-0.160802 -0.706320 -0.689352
1.000000 0.000000 0.000000
59 -1 -1 -1

0.096684 0.663088 -0.088774
0.005066 -0.076388 -0.997040
1.000000 0.000000 0.000000
59 -1 -1 -1

0.069169 0.662452 -0.082855
-0.410565 -0.058840 -0.909909
1.000000 0.000000 0.000000
59 -1 -1 -1

0.069749 0.539516 -0.074052
-0.300729 -0.703970 -0.643391
1.000000 0.000000 0.000000
59 -1 -1 -1

0.056710 0.662127 -0.075585
-0.589526 -0.047639 -0.806299
1.000000 0.000000 0.000000
59 -1 -1 -1

0.059424 0.539670 -0.068049
-0.425428 -0.702445 -0.570574
1.000000 0.000000 0.000000
59 -1 -1 -1

0.045783 0.661838 -0.065777
-0.738762 -0.036622 -0.672964
1.000000 0.000000 0.000000
59 -1 -1 -1

0.050381 0.539812 -0.059972
-0.529923 -0.701376 -0.476638
1.000000 0.000000 0.000000
59 -1 -1 -1

0.036825 0.661629 -0.053811
-0.854610 -0.027223 -0.518509
1.000000 0.000000 0.000000
59 -1 -1 -1

0.042968 0.539943 -0.050132
-0.611133 -0.700552 -0.368389
1.000000 0.000000 0.000000
59 -1 -1 -1

0.037466 0.540039 -0.038910
-0.668203 -0.700369 -0.250893
1.000000 0.000000 0.000000
59 -1 -1 -1

0.030184 0.661511 -0.040152
-0.936033 -0.020661 -0.351238
1.000000 0.000000 0.000000
59 -1 -1 -1

0.034082 0.540087 -0.026737
-0.701590 -0.701010 -0.127659
1.000000 0.000000 0.000000
59 -1 -1 -1

0.026091 0.661422 -0.025334
-0.984008 -0.017853 -0.177068
1.000000 0.000000 0.000000
59 -1 -1 -1

0.032947 0.540096 -0.014083
-0.711478 -0.702689 -0.001190
1.000000 0.000000 0.000000
59 -1 -1 -1

0.024707 0.661360 -0.009923
-0.999786 -0.019135 0.001404
1.000000 0.000000 0.000000
59 -1 -1 -1

0.034105 0.540069 -0.001432
-0.698050 -0.705191 0.123997
1.000000 0.000000 0.000000
59 -1 -1 -1

0.026105 0.661393 0.005485
-0.983428 -0.024171 0.179540
1.000000 0.000000 0.000000
59 -1 -1 -1

0.037507 0.539994 0.010728
-0.661580 -0.708640 0.245155
1.000000 0.000000 0.000000
59 -1 -1 -1

0.030203 0.661441 0.020297
-0.935026 -0.033235 0.352916
1.000000 0.000000 0.000000
59 -1 -1 -1

0.043021 0.539873 0.021932
-0.602161 -0.712912 0.359355
1.000000 0.000000 0.000000
59 -1 -1 -1

0.036838 0.661498 0.033945
-0.853145 -0.045747 0.519608
1.000000 0.000000 0.000000
59 -1 -1 -1

0.050437 0.539718 0.031750
-0.520066 -0.717460 0.463393
1.000000 0.000000 0.000000
