[1]

joint_count 71
vertex_count 9546
triangle_count 18872

joints:
root
1.000000 0.000000 0.000000 0.000000
0.000000 0.000000 1.000000 0.000000
0.000000 -1.000000 0.000000 0.000000
0.000000 0.000000 0.000000 1.000000
1
1

DEF-spine
1.000000 0.000000 0.000000 0.000000
0.000000 -0.210673 -0.977557 0.050865
0.000000 0.977557 -0.210673 0.903932
0.000000 0.000000 0.000000 1.000000
5
2 57 58 59 65

DEF-spine.001
1.000000 0.000000 -0.000000 0.000000
0.000000 0.996042 0.088880 0.166209
0.000000 -0.088880 0.996042 -0.000000
0.000000 0.000000 0.000000 1.000000
1
3

DEF-spine.002
1.000000 -0.000000 0.000000 0.000000
-0.000000 0.975396 0.220462 0.125906
-0.000000 -0.220462 0.975396 0.000000
0.000000 0.000000 0.000000 1.000000
1
4

DEF-spine.003
1.000000 0.000000 0.000000 0.000000
-0.000000 0.991279 0.131777 0.160013
0.000000 -0.131777 0.991279 0.000000
0.000000 0.000000 0.000000 1.000000
3
5 7 32

DEF-spine.004
1.000000 -0.000000 -0.000000 0.000000
-0.000000 0.869581 -0.493791 0.178247
0.000000 0.493791 0.869581 0.000000
0.000000 0.000000 0.000000 1.000000
1
6

DEF-spine.005
1.000000 -0.000000 -0.000000 -0.000000
0.000000 0.966022 0.258462 0.118209
-0.000000 -0.258462 0.966022 -0.000000
0.000000 0.000000 0.000000 1.000000
0


DEF-shoulder.L
0.478973 0.876317 0.051510 0.016863
-0.200955 0.052339 0.978201 0.123592
0.854519 -0.478883 0.201169 0.035561
0.000000 0.000000 0.000000 1.000000
1
8

DEF-upper_arm.L
-0.053091 0.452232 0.890319 -0.001609
0.078276 0.890718 -0.447767 0.171974
-0.995517 0.045918 -0.082688 -0.001519
0.000000 0.000000 0.000000 1.000000
1
9

DEF-upper_arm.L.001
1.000000 -0.000001 0.000001 0.000000
0.000001 1.000000 0.000000 0.151015
-0.000001 -0.000000 1.000000 -0.000000
0.000000 0.000000 0.000000 1.000000
1
10

DEF-forearm.L
1.000000 0.000000 0.000000 0.000000
-0.000000 0.997944 -0.064088 0.151014
-0.000000 0.064088 0.997944 -0.000000
0.000000 0.000000 0.000000 1.000000
1
11

DEF-forearm.L.001
1.000000 -0.000000 0.000000 -0.000000
0.000000 1.000000 0.000000 0.129525
-0.000000 -0.000000 1.000000 -0.000000
0.000000 0.000000 0.000000 1.000000
1
12

DEF-hand.L
0.999895 -0.014460 0.000001 0.000000
0.014459 0.999835 -0.011040 0.129525
0.000158 0.011039 0.999939 -0.000000
0.000000 0.000000 0.000000 1.000000
4
 13 20 24 28

DEF-palm.01.L
-0.015126 -0.014124 0.999786 -0.006864
0.155928 0.987634 0.016311 0.043137
-0.987653 0.156142 -0.012736 0.023438
0.000000 0.000000 0.000000 1.000000
2
14 17

DEF-f_index.01.L
0.995850 0.077001 -0.048514 -0.000000
-0.080581 0.993788 -0.076762 0.076627
0.042302 0.080352 0.995868 0.000000
0.000000 0.000000 0.000000 1.000000
1
15

DEF-f_index.02.L
1.000000 -0.000000 0.000000 0.000000
0.000000 1.000000 -0.000001 0.046517
-0.000000 0.000001 1.000000 -0.000000
0.000000 0.000000 0.000000 1.000000
1
16

DEF-f_index.03.L
1.000000 0.000000 -0.000005 -0.000000
-0.000000 1.000000 0.000001 0.030173
0.000005 -0.000001 1.000000 -0.000000
0.000000 0.000000 0.000000 1.000000
0


DEF-thumb.01.L
-0.247406 -0.477116 0.843298 -0.007202
-0.033463 0.874044 0.484694 0.010021
-0.968334 0.091697 -0.232210 0.021019
0.000000 0.000000 0.000000 1.000000
1
18

DEF-thumb.02.L
0.999999 -0.001431 -0.000000 0.000000
0.001424 0.995084 -0.099030 0.039754
0.000142 0.099030 0.995085 0.000000
0.000000 0.000000 0.000000 1.000000
1
19

DEF-thumb.03.L
0.999996 0.002942 -0.000167 -0.000000
-0.002942 0.993181 -0.116546 0.034543
-0.000177 0.116546 0.993185 0.000000
0.000000 0.000000 0.000000 1.000000
0


DEF-palm.02.L
0.058909 0.021886 0.998023 -0.008611
0.053913 0.998231 -0.025073 0.046917
-0.996807 0.055284 0.057625 0.005145
0.000000 0.000000 0.000000 1.000000
1
21

DEF-f_middle.01.L
0.998649 0.045038 0.025917 0.000000
-0.044154 0.998456 -0.033705 0.075309
-0.027395 0.032516 0.999096 -0.000000
0.000000 0.000000 0.000000 1.000000
1
22

DEF-f_middle.02.L
1.000000 0.000000 -0.000262 0.000000
-0.000000 1.000000 -0.000002 0.047864
0.000262 0.000002 1.000000 -0.000000
0.000000 0.000000 0.000000 1.000000
1
23

DEF-f_middle.03.L
1.000000 -0.000000 -0.000250 -0.000000
0.000000 1.000000 0.000001 0.033015
0.000250 -0.000001 1.000000 -0.000000
0.000000 0.000000 0.000000 1.000000
0


DEF-palm.03.L
0.111635 0.077698 0.990707 -0.006957
-0.060125 0.995641 -0.071310 0.045726
-0.991929 -0.051606 0.115820 -0.011750
0.000000 0.000000 0.000000 1.000000
1
25

DEF-f_ring.01.L
0.999513 -0.017841 -0.025614 0.000073
0.019350 0.998014 0.059948 0.075605
0.024494 -0.060414 0.997873 -0.001120
0.000000 0.000000 0.000000 1.000000
1
26

DEF-f_ring.02.L
1.000000 0.000000 0.000417 -0.000000
-0.000000 1.000000 0.000000 0.045539
-0.000417 -0.000000 1.000000 0.000000
0.000000 0.000000 0.000000 1.000000
1
27

DEF-f_ring.03.L
1.000000 0.000000 -0.000234 0.000000
-0.000000 1.000000 -0.000004 0.033550
0.000234 0.000004 1.000000 0.000000
0.000000 0.000000 0.000000 1.000000
0


DEF-palm.04.L
0.167490 0.132233 0.976965 -0.003583
-0.152760 0.982477 -0.106790 0.042203
-0.973967 -0.131355 0.184755 -0.027897
0.000000 0.000000 0.000000 1.000000
1
29

DEF-f_pinky.01.L
0.999191 -0.039521 0.007377 0.000062
0.038217 0.990663 0.130866 0.076473
-0.012480 -0.130478 0.991372 0.000006
0.000000 0.000000 0.000000 1.000000
1
30

DEF-f_pinky.02.L
1.000000 0.000000 -0.000000 -0.000000
-0.000000 1.000000 -0.000000 0.035258
0.000000 0.000000 1.000000 -0.000000
0.000000 0.000000 0.000000 1.000000
1
31

DEF-f_pinky.03.L
1.000000 0.000000 -0.000421 0.000000
-0.000000 1.000000 -0.000003 0.028505
0.000421 0.000003 1.000000 -0.000000
0.000000 0.000000 0.000000 1.000000
0


DEF-shoulder.R
0.478973 -0.876317 -0.051510 -0.016863
0.200955 0.052339 0.978201 0.123592
-0.854519 -0.478883 0.201169 0.035561
0.000000 0.000000 0.000000 1.000000
1
33

DEF-upper_arm.R
-0.053091 -0.452232 -0.890319 0.001609
-0.078276 0.890717 -0.447767 0.171974
0.995517 0.045918 -0.082688 -0.001520
0.000000 0.000000 0.000000 1.000000
1
34

DEF-upper_arm.R.001
1.000000 0.000001 -0.000001 -0.000000
-0.000001 1.000000 -0.000000 0.151015
0.000001 0.000000 1.000000 -0.000000
0.000000 0.000000 0.000000 1.000000
1
35

DEF-forearm.R
1.000000 -0.000000 -0.000001 0.000000
0.000000 0.997944 -0.064088 0.151015
0.000001 0.064088 0.997944 -0.000000
0.000000 0.000000 0.000000 1.000000
1
36

DEF-forearm.R.001
1.000000 -0.000000 -0.000000 0.000000
0.000000 1.000000 0.000000 0.129525
0.000000 -0.000000 1.000000 -0.000000
0.000000 0.000000 0.000000 1.000000
1
37

DEF-hand.R
0.999896 0.014460 -0.000001 -0.000000
-0.014459 0.999835 -0.011041 0.129525
-0.000158 0.011039 0.999939 0.000000
0.000000 0.000000 0.000000 1.000000
4
 38 45 49 53

DEF-palm.01.R
-0.015126 0.014124 -0.999786 0.006864
-0.155928 0.987634 0.016311 0.043136
0.987653 0.156142 -0.012736 0.023438
0.000000 0.000000 0.000000 1.000000
2
39 42

DEF-f_index.01.R
0.995850 -0.077001 0.048514 0.000000
0.080581 0.993788 -0.076762 0.076627
-0.042302 0.080352 0.995868 0.000000
0.000000 0.000000 0.000000 1.000000
1
40

DEF-f_index.02.R
1.000000 0.000000 -0.000000 -0.000000
-0.000000 1.000000 -0.000001 0.046517
0.000000 0.000001 1.000000 0.000000
0.000000 0.000000 0.000000 1.000000
1
41

DEF-f_index.03.R
1.000000 -0.000000 0.000005 -0.000000
0.000000 1.000000 0.000001 0.030173
-0.000005 -0.000001 1.000000 0.000000
0.000000 0.000000 0.000000 1.000000
0


DEF-thumb.01.R
-0.247406 0.477116 -0.843297 0.007202
0.033463 0.874044 0.484694 0.010021
0.968334 0.091696 -0.232210 0.021019
0.000000 0.000000 0.000000 1.000000
1
43

DEF-thumb.02.R
0.999999 0.001432 0.000000 -0.000000
-0.001424 0.995083 -0.099030 0.039754
-0.000142 0.099030 0.995084 -0.000000
0.000000 0.000000 0.000000 1.000000
1
44

DEF-thumb.03.R
0.999996 -0.002943 0.000167 -0.000000
0.002942 0.993181 -0.116546 0.034543
0.000177 0.116546 0.993185 0.000000
0.000000 0.000000 0.000000 1.000000
0


DEF-palm.02.R
0.058909 -0.021886 -0.998023 0.008611
-0.053913 0.998231 -0.025073 0.046917
0.996807 0.055283 0.057625 0.005145
0.000000 0.000000 0.000000 1.000000
1
46

DEF-f_middle.01.R
0.998649 -0.045038 -0.025917 0.000000
0.044154 0.998456 -0.033705 0.075309
0.027395 0.032516 0.999096 0.000000
0.000000 0.000000 0.000000 1.000000
1
47

DEF-f_middle.02.R
1.000000 -0.000000 0.000262 0.000000
0.000000 1.000000 -0.000002 0.047863
-0.000262 0.000002 1.000000 -0.000000
0.000000 0.000000 0.000000 1.000000
1
48

DEF-f_middle.03.R
1.000000 0.000000 0.000250 0.000000
-0.000000 1.000000 0.000001 0.033015
-0.000250 -0.000001 1.000000 -0.000000
0.000000 0.000000 0.000000 1.000000
0


DEF-palm.03.R
0.111635 -0.077698 -0.990707 0.006957
0.060126 0.995641 -0.071310 0.045725
0.991929 -0.051606 0.115820 -0.011750
0.000000 0.000000 0.000000 1.000000
1
50

DEF-f_ring.01.R
0.999513 0.017841 0.025614 -0.000073
-0.019350 0.998014 0.059948 0.075605
-0.024494 -0.060414 0.997873 -0.001120
0.000000 0.000000 0.000000 1.000000
1
51

DEF-f_ring.02.R
1.000000 -0.000000 0.000043 0.000000
0.000000 1.000000 0.000000 0.045539
-0.000043 -0.000000 1.000000 0.000000
0.000000 0.000000 0.000000 1.000000
1
52

DEF-f_ring.03.R
1.000000 -0.000000 -0.000226 -0.000000
0.000000 1.000000 -0.000004 0.033550
0.000226 0.000004 1.000000 -0.000000
0.000000 0.000000 0.000000 1.000000
0


DEF-palm.04.R
0.167491 -0.132233 -0.976965 0.003583
0.152761 0.982477 -0.106790 0.042203
0.973967 -0.131356 0.184756 -0.027897
0.000000 0.000000 0.000000 1.000000
1
54

DEF-f_pinky.01.R
0.999192 0.039521 -0.007376 -0.000062
-0.038217 0.990663 0.130866 0.076473
0.012480 -0.130478 0.991372 0.000007
0.000000 0.000000 0.000000 1.000000
1
55

DEF-f_pinky.02.R
1.000000 -0.000000 0.000000 0.000000
0.000000 1.000000 -0.000000 0.035259
-0.000000 0.000000 1.000000 0.000000
0.000000 0.000000 0.000000 1.000000
1
56

DEF-f_pinky.03.R
1.000000 -0.000000 0.000421 -0.000000
0.000000 1.000000 -0.000003 0.028505
-0.000421 0.000003 1.000000 -0.000000
0.000000 0.000000 0.000000 1.000000
0


DEF-pelvis.L
-0.421772 0.536322 -0.731073 0.000000
-0.088728 0.778015 0.621949 0.000000
0.902350 0.327188 -0.280558 -0.000000
0.000000 0.000000 0.000000 1.000000
0


DEF-pelvis.R
-0.421772 -0.536322 0.731073 0.000000
0.088728 0.778015 0.621949 0.000000
-0.902350 0.327187 -0.280558 -0.000000
0.000000 0.000000 0.000000 1.000000
0


DEF-thigh.L
1.000000 -0.000000 -0.000155 0.090304
-0.000033 -0.977511 -0.210886 0.064247
-0.000152 0.210886 -0.977510 0.026498
0.000000 0.000000 0.000000 1.000000
1
60

DEF-thigh.L.001
1.000000 -0.000000 -0.000000 0.000000
0.000000 1.000000 0.000000 0.218417
0.000000 -0.000000 1.000000 0.000000
0.000000 0.000000 0.000000 1.000000
1
61

DEF-shin.L
1.000000 0.000017 -0.000085 0.000000
-0.000026 0.994196 -0.107581 0.218417
0.000083 0.107581 0.994196 0.000000
0.000000 0.000000 0.000000 1.000000
1
62

DEF-shin.L.001
1.000000 -0.000000 0.000000 -0.000000
-0.000000 1.000000 -0.000000 0.205250
-0.000000 0.000000 1.000000 0.000000
0.000000 0.000000 0.000000 1.000000
1
63

DEF-foot.L
1.000000 -0.000216 -0.000139 -0.000000
0.000220 0.435891 0.900000 0.205250
-0.000134 -0.900000 0.435891 0.000000
0.000000 0.000000 0.000000 1.000000
1
64

DEF-toe.L
-1.000000 -0.000090 -0.000225 -0.000000
-0.000001 0.929001 -0.370078 0.169887
0.000243 -0.370078 -0.929001 -0.000000
0.000000 0.000000 0.000000 1.000000
0


DEF-thigh.R
1.000000 -0.000000 -0.000156 -0.090304
-0.000033 -0.977511 -0.210886 0.064247
-0.000152 0.210886 -0.977510 0.026498
0.000000 0.000000 0.000000 1.000000
1
66

DEF-thigh.R.001
1.000000 -0.000000 -0.000000 -0.000000
0.000000 1.000000 0.000000 0.218417
0.000000 -0.000000 1.000000 0.000000
0.000000 0.000000 0.000000 1.000000
1
67

DEF-shin.R
1.000000 0.000017 -0.000085 -0.000000
-0.000026 0.994196 -0.107581 0.218417
0.000083 0.107581 0.994196 0.000000
0.000000 0.000000 0.000000 1.000000
1
68

DEF-shin.R.001
1.000000 -0.000000 0.000000 0.000000
0.000000 1.000000 -0.000000 0.205250
-0.000000 0.000000 1.000000 -0.000000
0.000000 0.000000 0.000000 1.000000
1
69

DEF-foot.R
1.000000 -0.000216 -0.000139 0.000000
0.000220 0.435891 0.900000 0.205250
-0.000134 -0.900000 0.435891 -0.000000
0.000000 0.000000 0.000000 1.000000
1
70

DEF-toe.R
-1.000000 -0.000090 -0.000229 0.000000
0.000001 0.929001 -0.370078 0.169886
0.000246 -0.370078 -0.929001 -0.000000
0.000000 0.000000 0.000000 1.000000
0


vertices:
0.048709 0.490550 -0.068109
-0.664510 0.134312 -0.735099
1.000000 0.000000 0.000000
61 -1 -1 -1

0.068070 0.184421 -0.109960
-0.400983 0.023927 -0.915769
1.000000 0.000000 0.000000
61 -1 -1 -1

0.050513 0.183197 -0.098745
-0.663747 0.005676 -0.747917
1.000000 0.000000 0.000000
61 -1 -1 -1

0.075698 1.495106 0.026645
0.378857 0.351756 0.855983
1.000000 0.000000 0.000000
7 -1 -1 -1

0.058980 1.475063 0.037050
0.201575 0.059297 0.977660
1.000000 0.000000 0.000000
7 -1 -1 -1

0.076192 1.473831 0.031201
0.385907 0.046541 0.921323
1.000000 0.000000 0.000000
7 -1 -1 -1

0.059311 1.528974 -0.078754
0.919431 -0.173650 -0.352733
1.000000 0.000000 0.000000
5 -1 -1 -1

0.052233 1.549789 -0.092712
0.807306 0.082278 -0.584338
1.000000 0.000000 0.000000
5 -1 -1 -1

0.061404 1.545332 -0.075275
0.949034 0.013398 -0.314829
1.000000 0.000000 0.000000
5 -1 -1 -1

0.014274 0.935483 -0.014626
-0.865047 0.494613 -0.083529
1.000000 0.000000 0.000000
59 -1 -1 -1

0.006905 0.913899 0.009820
-0.948180 0.246742 0.200140
1.000000 0.000000 0.000000
59 -1 -1 -1

0.015295 0.934789 0.008723
-0.853206 0.486557 0.187841
1.000000 0.000000 0.000000
59 -1 -1 -1

0.102862 1.028129 0.080745
0.494461 0.510910 0.703146
1.000000 0.000000 0.000000
1 -1 -1 -1

0.070002 1.065240 0.062645
0.255562 0.782159 0.568224
1.000000 0.000000 0.000000
1 -1 -1 -1

0.070002 1.036130 0.091757
0.255562 0.568285 0.782098
1.000000 0.000000 0.000000
1 -1 -1 -1

0.034692 0.829220 0.027409
0.064882 -0.949034 0.308390
1.000000 0.000000 0.000000
1 -1 -1 -1

0.070002 0.827194 -0.014688
0.255562 -0.966765 0.000031
1.000000 0.000000 0.000000
1 -1 -1 -1

0.070002 0.833636 0.025974
0.255562 -0.919431 0.298776
1.000000 0.000000 0.000000
1 -1 -1 -1

0.112866 1.325663 0.079459
0.494461 -0.273049 0.825159
1.000000 0.000000 0.000000
4 -1 -1 -1

0.076315 1.280217 0.072822
0.255562 -0.572497 0.779046
1.000000 0.000000 0.000000
4 -1 -1 -1

0.112866 1.289184 0.060622
0.494461 -0.514695 0.700400
1.000000 0.000000 0.000000
4 -1 -1 -1

0.131077 1.036709 0.041918
0.700674 0.577197 0.419324
1.000000 0.000000 0.000000
1 -1 -1 -1

0.131077 1.015401 0.063229
0.700674 0.419385 0.577166
1.000000 0.000000 0.000000
1 -1 -1 -1

0.129753 1.217612 -0.104257
0.700674 -0.220496 -0.678518
1.000000 0.000000 0.000000
3 -1 -1 -1

0.101538 1.178033 -0.108090
0.494461 -0.510910 -0.703146
1.000000 0.000000 0.000000
3 -1 -1 -1

0.101538 1.210920 -0.124849
0.494461 -0.268624 -0.826624
1.000000 0.000000 0.000000
3 -1 -1 -1

0.058661 0.530244 0.049784
-0.359203 -0.518937 0.775658
1.000000 0.000000 0.000000
59 -1 -1 -1

0.082780 0.512670 0.041872
-0.078799 -0.721885 0.687490
1.000000 0.000000 0.000000
59 -1 -1 -1

0.081177 0.530124 0.056033
-0.097049 -0.520402 0.848354
1.000000 0.000000 0.000000
59 -1 -1 -1

0.045102 0.173816 -0.004986
-0.744774 -0.134465 0.653584
1.000000 0.000000 0.000000
61 -1 -1 -1

0.062502 0.155497 0.004501
-0.486404 -0.339671 0.804956
1.000000 0.000000 0.000000
61 -1 -1 -1

0.061252 0.172600 0.008182
-0.503220 -0.152684 0.850551
1.000000 0.000000 0.000000
61 -1 -1 -1

0.695854 1.496335 -0.069392
0.255501 0.779046 0.572497
1.000000 0.000000 0.000000
10 -1 -1 -1

0.684474 1.487766 -0.058838
0.064852 0.582141 0.810480
1.000000 0.000000 0.000000
10 -1 -1 -1

0.695854 1.486893 -0.060053
0.255501 0.564013 0.785211
1.000000 0.000000 0.000000
10 -1 -1 -1

0.102863 1.070982 0.021756
0.494461 0.826655 0.268532
1.000000 0.000000 0.000000
1 -1 -1 -1

0.102862 1.054227 0.054644
0.494461 0.703207 0.510849
1.000000 0.000000 0.000000
1 -1 -1 -1

0.204203 1.516579 -0.091400
0.601001 0.798395 -0.035981
1.000000 0.000000 0.000000
7 -1 -1 -1

0.198338 1.515773 -0.065106
0.518418 0.784295 0.340709
1.000000 0.000000 0.000000
7 -1 -1 -1

0.211267 1.508757 -0.075776
0.702933 0.685537 0.189428
1.000000 0.000000 0.000000
7 -1 -1 -1

0.102862 1.028119 -0.110141
0.494461 0.510849 -0.703207
1.000000 0.000000 0.000000
1 -1 -1 -1

0.070002 0.999437 -0.139842
0.255562 0.298685 -0.919462
1.000000 0.000000 0.000000
1 -1 -1 -1

0.070002 1.036120 -0.121154
0.255562 0.568224 -0.782159
1.000000 0.000000 0.000000
1 -1 -1 -1

0.076315 1.505847 0.000861
0.255562 0.917814 0.303720
1.000000 0.000000 0.000000
4 -1 -1 -1

0.037045 1.518421 -0.044301
0.064882 0.997864 0.005402
1.000000 0.000000 0.000000
4 -1 -1 -1

0.037045 1.510751 0.002484
0.064882 0.947356 0.313486
1.000000 0.000000 0.000000
4 -1 -1 -1

0.076315 1.452280 0.073755
0.255562 0.564013 0.785211
1.000000 0.000000 0.000000
4 -1 -1 -1

0.037045 1.488998 0.044609
0.064882 0.804102 0.590899
1.000000 0.000000 0.000000
4 -1 -1 -1

0.037045 1.455293 0.077950
0.064882 0.582141 0.810480
1.000000 0.000000 0.000000
4 -1 -1 -1

0.445701 1.507241 -0.061375
0.255440 0.779046 0.572497
1.000000 0.000000 0.000000
8 -1 -1 -1

0.430648 1.495942 -0.047453
0.064760 0.582141 0.810480
1.000000 0.000000 0.000000
8 -1 -1 -1

0.445701 1.494789 -0.049058
0.255440 0.564013 0.785241
1.000000 0.000000 0.000000
8 -1 -1 -1

0.485923 1.488151 -0.129939
-0.064882 0.590899 -0.804102
1.000000 0.000000 0.000000
10 -1 -1 -1

0.474543 1.496604 -0.119292
-0.255501 0.785211 -0.564013
1.000000 0.000000 0.000000
10 -1 -1 -1

0.485923 1.497820 -0.120165
-0.064882 0.810480 -0.582141
1.000000 0.000000 0.000000
10 -1 -1 -1

0.175198 0.575579 -0.007115
0.991668 -0.065188 0.110904
1.000000 0.000000 0.000000
59 -1 -1 -1

0.171199 0.553911 -0.034163
0.948180 -0.246712 -0.200140
1.000000 0.000000 0.000000
59 -1 -1 -1

0.174019 0.576381 -0.034079
0.978057 -0.055940 -0.200659
1.000000 0.000000 0.000000
59 -1 -1 -1

0.049781 0.515131 0.023049
-0.651936 0.430891 0.623890
1.000000 0.000000 0.000000
61 -1 -1 -1

0.034004 0.500253 0.008973
-0.886807 0.210273 0.411451
1.000000 0.000000 0.000000
61 -1 -1 -1

0.044896 0.498634 0.025867
-0.723472 0.186010 0.664785
1.000000 0.000000 0.000000
61 -1 -1 -1

0.070002 0.958774 -0.146280
0.255562 -0.000031 -0.966765
1.000000 0.000000 0.000000
1 -1 -1 -1

0.034692 1.000871 -0.144259
0.064882 0.308298 -0.949065
1.000000 0.000000 0.000000
1 -1 -1 -1

0.155924 0.502186 -0.003078
0.943205 0.239082 0.230537
1.000000 0.000000 0.000000
61 -1 -1 -1

0.159447 0.486921 -0.025061
0.992553 0.079897 -0.091739
1.000000 0.000000 0.000000
61 -1 -1 -1

0.157081 0.504190 -0.023112
0.960570 0.269082 -0.069796
1.000000 0.000000 0.000000
61 -1 -1 -1

0.134632 0.513399 0.022489
0.528153 -0.713279 0.460707
1.000000 0.000000 0.000000
59 -1 -1 -1

0.157587 0.531637 0.012804
0.792444 -0.502701 0.345378
1.000000 0.000000 0.000000
59 -1 -1 -1

0.144692 0.531018 0.032290
0.642415 -0.509934 0.572008
1.000000 0.000000 0.000000
59 -1 -1 -1

0.131077 0.958785 0.081627
0.700674 0.000031 0.713431
1.000000 0.000000 0.000000
1 -1 -1 -1

0.102862 0.995242 0.097504
0.494461 0.268624 0.826624
1.000000 0.000000 0.000000
1 -1 -1 -1

0.102863 0.958786 0.103280
0.494461 0.000031 0.869167
1.000000 0.000000 0.000000
1 -1 -1 -1

0.144250 1.333230 0.056594
0.700674 -0.224128 0.677328
1.000000 0.000000 0.000000
4 -1 -1 -1

0.144250 1.303445 0.041214
0.700674 -0.422468 0.574908
1.000000 0.000000 0.000000
4 -1 -1 -1

0.454830 1.462299 -0.125594
-0.700766 0.003845 -0.713340
1.000000 0.000000 0.000000
10 -1 -1 -1

0.447848 1.455457 -0.115453
-0.860469 -0.154790 -0.485366
1.000000 0.000000 0.000000
10 -1 -1 -1

0.447848 1.462249 -0.116491
-0.860469 0.002747 -0.509445
1.000000 0.000000 0.000000
10 -1 -1 -1

0.152726 1.013880 0.025334
0.860408 0.412275 0.299509
1.000000 0.000000 0.000000
1 -1 -1 -1

0.152726 0.998814 0.040402
0.860408 0.299539 0.412244
1.000000 0.000000 0.000000
1 -1 -1 -1

0.078748 1.535168 -0.079166
0.064974 0.947356 0.313486
1.000000 0.000000 0.000000
4 -1 -1 -1

-0.000000 1.525619 -0.060673
0.000000 0.805811 0.592151
1.000000 0.000000 0.000000
4 -1 -1 -1

0.078748 1.525619 -0.060673
0.064974 0.804102 0.590899
1.000000 0.000000 0.000000
4 -1 -1 -1

0.166332 0.947887 -0.048216
0.962615 -0.083682 -0.257576
1.000000 0.000000 0.000000
1 -1 -1 -1

0.166332 0.958779 -0.049942
0.962615 0.000000 -0.270821
1.000000 0.000000 0.000000
1 -1 -1 -1

0.170971 0.958780 -0.014694
1.000000 0.000000 0.000000
1.000000 0.000000 0.000000
1 -1 -1 -1

0.166332 0.938061 -0.043209
0.962615 -0.159185 -0.219092
1.000000 0.000000 0.000000
1 -1 -1 -1

0.166332 0.969671 -0.048217
0.962615 0.083682 -0.257576
1.000000 0.000000 0.000000
1 -1 -1 -1

0.166332 0.930263 -0.035411
0.962615 -0.219123 -0.159185
1.000000 0.000000 0.000000
1 -1 -1 -1

0.153268 1.127693 -0.023544
0.962615 0.219092 -0.159185
1.000000 0.000000 0.000000
2 -1 -1 -1

0.141143 1.137952 -0.054180
0.860408 0.299478 -0.412244
1.000000 0.000000 0.000000
2 -1 -1 -1

0.141143 1.151379 -0.040755
0.860408 0.412214 -0.299539
1.000000 0.000000 0.000000
2 -1 -1 -1

0.166332 0.925258 -0.025585
0.962615 -0.257576 -0.083682
1.000000 0.000000 0.000000
1 -1 -1 -1

0.026834 1.505306 -0.103035
0.419355 -0.535874 -0.732749
1.000000 0.000000 0.000000
5 -1 -1 -1

0.009976 1.493822 -0.099537
0.157476 -0.713523 -0.682669
1.000000 0.000000 0.000000
5 -1 -1 -1

0.014108 1.506912 -0.109317
0.220466 -0.510758 -0.830927
1.000000 0.000000 0.000000
5 -1 -1 -1

0.079792 0.968252 -0.047462
-0.104068 0.874722 -0.473251
1.000000 0.000000 0.000000
59 -1 -1 -1

0.058400 0.954808 -0.058707
-0.353435 0.718009 -0.599597
1.000000 0.000000 0.000000
59 -1 -1 -1

0.067161 0.968075 -0.042741
-0.253426 0.872616 -0.417432
1.000000 0.000000 0.000000
59 -1 -1 -1

0.726937 1.472919 -0.090957
0.962645 0.256996 0.085055
1.000000 0.000000 0.000000
10 -1 -1 -1

0.722550 1.484092 -0.094408
0.860469 0.509445 0.002777
1.000000 0.000000 0.000000
10 -1 -1 -1

0.722550 1.482980 -0.087628
0.860469 0.483657 0.160039
1.000000 0.000000 0.000000
10 -1 -1 -1

0.158850 1.421159 -0.094753
-0.700797 -0.713309 -0.003876
1.000000 0.000000 0.000000
8 -1 -1 -1

0.149641 1.434633 -0.103630
-0.860500 -0.483627 -0.160039
1.000000 0.000000 0.000000
8 -1 -1 -1

0.158851 1.423234 -0.107403
-0.700797 -0.677206 -0.224128
1.000000 0.000000 0.000000
8 -1 -1 -1

0.062669 0.121394 -0.061968
-0.492691 -0.848384 -0.193487
1.000000 0.000000 0.000000
61 -1 -1 -1

0.048258 0.130689 -0.049193
-0.705771 -0.708426 0.000641
1.000000 0.000000 0.000000
61 -1 -1 -1

0.049104 0.132156 -0.063855
-0.692953 -0.686270 -0.220954
1.000000 0.000000 0.000000
61 -1 -1 -1

0.166332 0.923533 -0.014693
0.962615 -0.270852 0.000000
1.000000 0.000000 0.000000
1 -1 -1 -1

0.183466 1.404245 -0.057037
0.962615 0.258034 -0.082278
1.000000 0.000000 0.000000
4 -1 -1 -1

0.168331 1.428419 -0.089318
0.860408 0.413862 -0.297281
1.000000 0.000000 0.000000
4 -1 -1 -1

0.168331 1.439065 -0.068142
0.860408 0.485488 -0.154820
1.000000 0.000000 0.000000
4 -1 -1 -1

0.166332 0.925259 -0.003801
0.962615 -0.257576 0.083682
1.000000 0.000000 0.000000
1 -1 -1 -1

0.153268 1.076876 0.013380
0.962615 -0.219092 0.159185
1.000000 0.000000 0.000000
2 -1 -1 -1

0.141143 1.044569 0.013674
0.860408 -0.484603 0.157476
1.000000 0.000000 0.000000
2 -1 -1 -1

0.153268 1.072415 0.004625
0.962615 -0.257576 0.083682
1.000000 0.000000 0.000000
2 -1 -1 -1

0.129753 1.217621 0.078958
0.700674 -0.220435 0.678549
1.000000 0.000000 0.000000
3 -1 -1 -1

0.101538 1.178043 0.082795
0.494461 -0.510849 0.703207
1.000000 0.000000 0.000000
3 -1 -1 -1

0.129753 1.190769 0.065278
0.700674 -0.419324 0.577197
1.000000 0.000000 0.000000
3 -1 -1 -1

0.166332 0.930266 0.006025
0.962615 -0.219092 0.159185
1.000000 0.000000 0.000000
1 -1 -1 -1

0.166332 0.938064 0.013822
0.962615 -0.159185 0.219123
1.000000 0.000000 0.000000
1 -1 -1 -1

0.101538 1.247375 -0.130625
0.494461 -0.000031 -0.869167
1.000000 0.000000 0.000000
3 -1 -1 -1

0.141143 1.102281 -0.065769
0.860408 0.000000 -0.509568
1.000000 0.000000 0.000000
2 -1 -1 -1

0.121852 1.128803 -0.086713
0.700674 0.220405 -0.678518
1.000000 0.000000 0.000000
2 -1 -1 -1

0.141143 1.121035 -0.062799
0.860408 0.157445 -0.484634
1.000000 0.000000 0.000000
2 -1 -1 -1

0.166332 0.947890 0.018829
0.962615 -0.083682 0.257576
1.000000 0.000000 0.000000
1 -1 -1 -1

0.166332 0.958782 0.020553
0.962615 0.000000 0.270821
1.000000 0.000000 0.000000
1 -1 -1 -1

0.158850 1.461908 -0.053559
-0.700797 -0.003876 0.713309
1.000000 0.000000 0.000000
8 -1 -1 -1

0.149641 1.453031 -0.067033
-0.860500 -0.160039 0.483596
1.000000 0.000000 0.000000
8 -1 -1 -1

0.158850 1.449258 -0.055633
-0.700797 -0.224097 0.677206
1.000000 0.000000 0.000000
8 -1 -1 -1

0.166332 0.969674 0.018827
0.962615 0.083682 0.257576
1.000000 0.000000 0.000000
1 -1 -1 -1

0.143855 1.462049 -0.079547
-0.962645 -0.001434 0.270669
1.000000 0.000000 0.000000
8 -1 -1 -1

0.149641 1.461974 -0.065567
-0.860500 -0.002747 0.509384
1.000000 0.000000 0.000000
8 -1 -1 -1

0.166332 0.979500 0.013820
0.962615 0.159185 0.219092
1.000000 0.000000 0.000000
1 -1 -1 -1

0.062071 0.120357 -0.051604
-0.501846 -0.864223 -0.035249
1.000000 0.000000 0.000000
61 -1 -1 -1

0.079488 0.113474 -0.048653
-0.242134 -0.970153 0.012574
1.000000 0.000000 0.000000
61 -1 -1 -1

0.064719 0.119372 -0.041562
-0.461409 -0.879269 0.118107
1.000000 0.000000 0.000000
61 -1 -1 -1

0.166332 0.987297 0.006022
0.962615 0.219123 0.159185
1.000000 0.000000 0.000000
1 -1 -1 -1

0.114918 0.541165 0.012029
0.333872 0.820551 0.463851
1.000000 0.000000 0.000000
61 -1 -1 -1

0.133514 0.530835 0.009897
0.611896 0.665242 0.427778
1.000000 0.000000 0.000000
61 -1 -1 -1

0.121519 0.542005 0.003999
0.434828 0.833338 0.341197
1.000000 0.000000 0.000000
61 -1 -1 -1

0.165008 1.280904 -0.001760
0.962615 0.257576 0.083682
1.000000 0.000000 0.000000
3 -1 -1 -1

0.151401 1.302481 0.027377
0.860408 0.412275 0.299509
1.000000 0.000000 0.000000
3 -1 -1 -1

0.165008 1.275898 0.008066
0.962615 0.219123 0.159185
1.000000 0.000000 0.000000
3 -1 -1 -1

0.166332 0.992303 -0.003804
0.962615 0.257576 0.083682
1.000000 0.000000 0.000000
1 -1 -1 -1

0.153268 1.092577 -0.034952
0.962615 -0.083682 -0.257576
1.000000 0.000000 0.000000
2 -1 -1 -1

0.141143 1.066611 -0.054177
0.860408 -0.299539 -0.412214
1.000000 0.000000 0.000000
2 -1 -1 -1

0.141143 1.083529 -0.062797
0.860408 -0.157476 -0.484603
1.000000 0.000000 0.000000
2 -1 -1 -1

0.166332 0.994028 -0.014696
0.962615 0.270821 0.000000
1.000000 0.000000 0.000000
1 -1 -1 -1

0.165008 1.212134 -0.012649
0.962615 -0.270821 0.000000
1.000000 0.000000 0.000000
3 -1 -1 -1

0.151401 1.182609 -0.033693
0.860408 -0.484634 -0.157445
1.000000 0.000000 0.000000
3 -1 -1 -1

0.165008 1.213859 -0.023541
0.962615 -0.257576 -0.083682
1.000000 0.000000 0.000000
3 -1 -1 -1

0.166332 0.992302 -0.025588
0.962615 0.257576 -0.083712
1.000000 0.000000 0.000000
1 -1 -1 -1

0.152726 0.918752 0.040406
0.860408 -0.299509 0.412275
1.000000 0.000000 0.000000
1 -1 -1 -1

0.131077 0.880857 0.041926
0.700674 -0.577166 0.419385
1.000000 0.000000 0.000000
1 -1 -1 -1

0.152726 0.903684 0.025339
0.860408 -0.412244 0.299539
1.000000 0.000000 0.000000
1 -1 -1 -1

0.166332 0.987295 -0.035414
0.962615 0.219092 -0.159185
1.000000 0.000000 0.000000
1 -1 -1 -1

0.082401 0.113041 -0.044134
-0.196387 -0.976959 0.083468
1.000000 0.000000 0.000000
61 -1 -1 -1

0.070353 0.118534 -0.032823
-0.375286 -0.892087 0.251564
1.000000 0.000000 0.000000
61 -1 -1 -1

0.166332 0.979497 -0.043211
0.962615 0.159185 -0.219123
1.000000 0.000000 0.000000
1 -1 -1 -1

0.125263 0.578069 -0.095388
0.414228 -0.036439 -0.909421
1.000000 0.000000 0.000000
59 -1 -1 -1

0.098990 0.555676 -0.100349
0.110294 -0.226356 -0.967772
1.000000 0.000000 0.000000
59 -1 -1 -1

0.099259 0.578208 -0.102604
0.113254 -0.034822 -0.992950
1.000000 0.000000 0.000000
59 -1 -1 -1

0.034692 0.916677 -0.144255
0.064882 -0.308390 -0.949034
1.000000 0.000000 0.000000
1 -1 -1 -1

0.070002 0.881431 -0.121146
0.255562 -0.568285 -0.782098
1.000000 0.000000 0.000000
1 -1 -1 -1

0.034692 0.878701 -0.124903
0.064882 -0.586566 -0.807276
1.000000 0.000000 0.000000
1 -1 -1 -1

0.070002 0.833632 -0.055350
0.255562 -0.919462 -0.298685
1.000000 0.000000 0.000000
1 -1 -1 -1

0.034692 0.848564 -0.094763
0.064882 -0.807337 -0.586474
1.000000 0.000000 0.000000
1 -1 -1 -1

0.070002 0.852321 -0.092033
0.255562 -0.782159 -0.568224
1.000000 0.000000 0.000000
1 -1 -1 -1

0.102863 0.922330 0.097507
0.494461 -0.268532 0.826655
1.000000 0.000000 0.000000
1 -1 -1 -1

0.070002 0.881441 0.091765
0.255562 -0.568224 0.782159
1.000000 0.000000 0.000000
1 -1 -1 -1

0.102863 0.889442 0.080752
0.494461 -0.510849 0.703207
1.000000 0.000000 0.000000
1 -1 -1 -1

0.102863 1.076754 -0.014700
0.494461 0.869167 -0.000031
1.000000 0.000000 0.000000
1 -1 -1 -1

0.070002 1.083924 -0.055363
0.255562 0.919431 -0.298776
1.000000 0.000000 0.000000
1 -1 -1 -1

0.070002 1.090367 -0.014701
0.255562 0.966765 -0.000031
1.000000 0.000000 0.000000
1 -1 -1 -1

0.131077 1.015393 -0.092623
0.700674 0.419324 -0.577197
1.000000 0.000000 0.000000
1 -1 -1 -1

0.102862 1.054220 -0.084042
0.494461 0.703146 -0.510910
1.000000 0.000000 0.000000
1 -1 -1 -1

0.131077 1.036703 -0.071315
0.700674 0.577166 -0.419385
1.000000 0.000000 0.000000
1 -1 -1 -1

0.034692 0.829216 -0.056785
0.064882 -0.949065 -0.308298
1.000000 0.000000 0.000000
1 -1 -1 -1

0.067427 1.213799 -0.041322
0.255531 0.919431 -0.298776
1.000000 0.000000 0.000000
2 -1 -1 -1

0.096710 1.207410 -0.005087
0.494461 0.869167 -0.000031
1.000000 0.000000 0.000000
2 -1 -1 -1

0.096710 1.202263 -0.037573
0.494461 0.826624 -0.268624
1.000000 0.000000 0.000000
2 -1 -1 -1

0.102863 0.922319 -0.126892
0.494461 -0.268624 -0.826624
1.000000 0.000000 0.000000
1 -1 -1 -1

0.070002 0.918112 -0.139838
0.255562 -0.298776 -0.919431
1.000000 0.000000 0.000000
1 -1 -1 -1

0.070002 0.918124 0.110454
0.255562 -0.298685 0.919462
1.000000 0.000000 0.000000
1 -1 -1 -1

0.034692 0.958787 0.121536
0.064882 0.000031 0.997864
1.000000 0.000000 0.000000
1 -1 -1 -1

0.034692 0.916689 0.114870
0.064882 -0.308298 0.949065
1.000000 0.000000 0.000000
1 -1 -1 -1

0.129753 1.155776 0.017119
0.700674 -0.678518 0.220496
1.000000 0.000000 0.000000
3 -1 -1 -1

0.101538 1.151942 0.056697
0.494461 -0.703146 0.510910
1.000000 0.000000 0.000000
3 -1 -1 -1

0.101538 1.135183 0.023811
0.494461 -0.826624 0.268624
1.000000 0.000000 0.000000
3 -1 -1 -1

0.076315 1.453564 -0.163068
0.255562 0.572497 -0.779046
1.000000 0.000000 0.000000
4 -1 -1 -1

0.037045 1.414498 -0.188983
0.064882 0.313486 -0.947356
1.000000 0.000000 0.000000
4 -1 -1 -1

0.037045 1.456623 -0.167230
0.064882 0.590899 -0.804102
1.000000 0.000000 0.000000
4 -1 -1 -1

0.102862 0.995231 -0.126896
0.494461 0.268532 -0.826655
1.000000 0.000000 0.000000
1 -1 -1 -1

0.034692 1.088345 0.027397
0.064882 0.949065 0.308298
1.000000 0.000000 0.000000
1 -1 -1 -1

0.034692 1.068997 0.065374
0.064882 0.807337 0.586505
1.000000 0.000000 0.000000
1 -1 -1 -1

0.101538 1.359579 -0.049112
0.494461 0.826624 -0.268624
1.000000 0.000000 0.000000
3 -1 -1 -1

0.068677 1.353833 -0.090001
0.255562 0.782098 -0.568285
1.000000 0.000000 0.000000
3 -1 -1 -1

0.068677 1.372525 -0.053319
0.255562 0.919431 -0.298776
1.000000 0.000000 0.000000
3 -1 -1 -1

0.070002 1.083928 0.025962
0.255562 0.919462 0.298685
1.000000 0.000000 0.000000
1 -1 -1 -1

0.715568 1.462300 -0.125592
0.700797 0.003876 -0.713340
1.000000 0.000000 0.000000
10 -1 -1 -1

0.706466 1.474086 -0.130652
0.494491 0.273049 -0.825129
1.000000 0.000000 0.000000
10 -1 -1 -1

0.715568 1.471891 -0.124019
0.700766 0.224128 -0.677236
1.000000 0.000000 0.000000
10 -1 -1 -1

0.097961 0.917131 -0.089565
0.108798 0.284280 -0.952513
1.000000 0.000000 0.000000
59 -1 -1 -1

0.124361 0.894636 -0.085943
0.413862 0.092929 -0.905576
1.000000 0.000000 0.000000
59 -1 -1 -1

0.098358 0.894776 -0.093160
0.112888 0.094577 -0.989074
1.000000 0.000000 0.000000
59 -1 -1 -1

0.102863 0.846578 -0.051145
0.494461 -0.826655 -0.268532
1.000000 0.000000 0.000000
1 -1 -1 -1

0.102863 0.863334 -0.084033
0.494461 -0.703207 -0.510849
1.000000 0.000000 0.000000
1 -1 -1 -1

0.034692 0.848572 0.065385
0.064882 -0.807276 0.586566
1.000000 0.000000 0.000000
1 -1 -1 -1

0.070002 0.852329 0.062655
0.255562 -0.782098 0.568285
1.000000 0.000000 0.000000
1 -1 -1 -1

0.067427 1.171201 -0.099947
0.255531 0.568224 -0.782159
1.000000 0.000000 0.000000
2 -1 -1 -1

0.035958 1.200490 -0.076441
0.064852 0.807276 -0.586566
1.000000 0.000000 0.000000
2 -1 -1 -1

0.067427 1.197143 -0.074008
0.255531 0.782098 -0.568285
1.000000 0.000000 0.000000
2 -1 -1 -1

0.102863 0.889432 -0.110134
0.494461 -0.510910 -0.703146
1.000000 0.000000 0.000000
1 -1 -1 -1

0.070002 0.999449 0.110450
0.255562 0.298776 0.919431
1.000000 0.000000 0.000000
1 -1 -1 -1

0.102863 0.846582 0.021767
0.494461 -0.826624 0.268624
1.000000 0.000000 0.000000
1 -1 -1 -1

0.102863 0.863341 0.054654
0.494461 -0.703146 0.510910
1.000000 0.000000 0.000000
1 -1 -1 -1

0.081530 0.951482 0.054964
-0.082858 0.679128 0.729301
1.000000 0.000000 0.000000
59 -1 -1 -1

0.103373 0.933304 0.067043
0.171880 0.469466 0.866024
1.000000 0.000000 0.000000
59 -1 -1 -1

0.100587 0.951563 0.054135
0.140202 0.680074 0.719565
1.000000 0.000000 0.000000
59 -1 -1 -1

0.131077 0.929020 0.076914
0.700674 -0.220435 0.678549
1.000000 0.000000 0.000000
1 -1 -1 -1

0.131077 0.902168 0.063234
0.700674 -0.419324 0.577197
1.000000 0.000000 0.000000
1 -1 -1 -1

0.125785 1.486309 -0.055251
0.700644 0.216803 0.679739
1.000000 0.000000 0.000000
4 -1 -1 -1

0.136356 1.491420 -0.073051
0.860378 0.297311 0.413923
1.000000 0.000000 0.000000
4 -1 -1 -1

0.125785 1.499457 -0.061861
0.700644 0.416242 0.579485
1.000000 0.000000 0.000000
4 -1 -1 -1

0.098312 0.499557 0.023120
0.104068 -0.874752 0.473251
1.000000 0.000000 0.000000
59 -1 -1 -1

0.119704 0.513001 0.034364
0.353435 -0.718009 0.599597
1.000000 0.000000 0.000000
59 -1 -1 -1

0.101837 0.512750 0.041043
0.144292 -0.720969 0.677755
1.000000 0.000000 0.000000
59 -1 -1 -1

0.183466 1.406099 -0.044910
0.962615 0.270852 0.001465
1.000000 0.000000 0.000000
4 -1 -1 -1

0.152726 0.979829 0.050076
0.860408 0.157476 0.484634
1.000000 0.000000 0.000000
1 -1 -1 -1

-0.015761 1.457955 -0.000091
-0.873806 -0.198737 0.443770
1.000000 0.000000 0.000000
7 -1 -1 -1

-0.015044 1.441970 -0.011708
-0.862606 -0.425886 0.272866
1.000000 0.000000 0.000000
7 -1 -1 -1

-0.010346 1.440725 -0.001977
-0.793786 -0.444136 0.415479
1.000000 0.000000 0.000000
7 -1 -1 -1

0.152725 1.013876 -0.054728
0.860408 0.412244 -0.299539
1.000000 0.000000 0.000000
1 -1 -1 -1

0.715568 1.493195 -0.094359
0.700766 0.713340 0.003876
1.000000 0.000000 0.000000
10 -1 -1 -1

0.722550 1.483054 -0.101200
0.860469 0.485366 -0.154759
1.000000 0.000000 0.000000
10 -1 -1 -1

0.715568 1.491727 -0.103966
0.700766 0.679647 -0.216712
1.000000 0.000000 0.000000
10 -1 -1 -1

0.131077 0.867172 -0.044455
0.700674 -0.678549 -0.220435
1.000000 0.000000 0.000000
1 -1 -1 -1

0.152726 0.903680 -0.054723
0.860408 -0.412275 -0.299478
1.000000 0.000000 0.000000
1 -1 -1 -1

0.152726 0.894008 -0.035737
0.860408 -0.484634 -0.157445
1.000000 0.000000 0.000000
1 -1 -1 -1

0.168331 1.438811 -0.021323
0.860408 0.483779 0.160100
1.000000 0.000000 0.000000
4 -1 -1 -1

0.183466 1.404114 -0.032805
0.962615 0.257118 0.085086
1.000000 0.000000 0.000000
4 -1 -1 -1

0.131077 0.902160 -0.092617
0.700674 -0.419385 -0.577166
1.000000 0.000000 0.000000
1 -1 -1 -1

0.152726 0.894010 0.006354
0.860408 -0.484634 0.157476
1.000000 0.000000 0.000000
1 -1 -1 -1

0.165008 1.268101 0.015864
0.962615 0.159185 0.219092
1.000000 0.000000 0.000000
3 -1 -1 -1

0.153268 1.111988 -0.034953
0.962615 0.083651 -0.257576
1.000000 0.000000 0.000000
2 -1 -1 -1

0.152726 0.958784 0.053410
0.860408 0.000000 0.509568
1.000000 0.000000 0.000000
1 -1 -1 -1

0.152726 0.937738 0.050078
0.860408 -0.157445 0.484634
1.000000 0.000000 0.000000
1 -1 -1 -1

0.131077 0.988550 0.076912
0.700674 0.220496 0.678518
1.000000 0.000000 0.000000
1 -1 -1 -1

0.143856 1.474301 -0.103272
-0.962645 0.219855 -0.157903
1.000000 0.000000 0.000000
8 -1 -1 -1

0.149642 1.489725 -0.103331
-0.860500 0.485305 -0.154790
1.000000 0.000000 0.000000
8 -1 -1 -1

0.149642 1.485654 -0.111427
-0.860500 0.413739 -0.297189
1.000000 0.000000 0.000000
8 -1 -1 -1

-0.011903 1.507861 -0.016354
-0.816584 0.539628 0.204779
1.000000 0.000000 0.000000
7 -1 -1 -1

-0.014052 1.493800 -0.002619
-0.848079 0.340739 0.405713
1.000000 0.000000 0.000000
7 -1 -1 -1

-0.007043 1.510006 -0.006862
-0.745354 0.571062 0.343883
1.000000 0.000000 0.000000
7 -1 -1 -1

0.722550 1.449126 -0.076831
0.860469 -0.301675 0.410504
1.000000 0.000000 0.000000
10 -1 -1 -1

0.715568 1.436900 -0.076405
0.700766 -0.579363 0.416150
1.000000 0.000000 0.000000
10 -1 -1 -1

0.722550 1.444295 -0.081716
0.860469 -0.413770 0.297189
1.000000 0.000000 0.000000
10 -1 -1 -1

0.075941 0.540547 0.015881
-0.262185 0.811121 0.522782
1.000000 0.000000 0.000000
61 -1 -1 -1

0.057617 0.529631 0.017399
-0.536851 0.647084 0.541307
1.000000 0.000000 0.000000
61 -1 -1 -1

0.069033 0.528771 0.026707
-0.364147 0.634144 0.682058
1.000000 0.000000 0.000000
61 -1 -1 -1

0.152726 1.026885 -0.014698
0.860408 0.509568 0.000000
1.000000 0.000000 0.000000
1 -1 -1 -1

0.131077 1.050389 0.015066
0.700674 0.678549 0.220435
1.000000 0.000000 0.000000
1 -1 -1 -1

0.152726 1.023553 0.006348
0.860408 0.484634 0.157445
1.000000 0.000000 0.000000
1 -1 -1 -1

0.151401 1.315486 -0.012654
0.860408 0.509568 0.000000
1.000000 0.000000 0.000000
3 -1 -1 -1

0.129753 1.338990 0.017110
0.700674 0.678549 0.220435
1.000000 0.000000 0.000000
3 -1 -1 -1

0.151401 1.312154 0.008391
0.860408 0.484634 0.157445
1.000000 0.000000 0.000000
3 -1 -1 -1

0.165008 1.213860 -0.001757
0.962615 -0.257576 0.083682
1.000000 0.000000 0.000000
3 -1 -1 -1

0.151401 1.179277 -0.012648
0.860408 -0.509568 0.000000
1.000000 0.000000 0.000000
3 -1 -1 -1

0.116584 0.537136 -0.054323
0.355815 0.760552 -0.543046
1.000000 0.000000 0.000000
61 -1 -1 -1

0.135998 0.523271 -0.053407
0.646107 0.553178 -0.525803
1.000000 0.000000 0.000000
61 -1 -1 -1

0.122014 0.524324 -0.064809
0.435682 0.569109 -0.697317
1.000000 0.000000 0.000000
61 -1 -1 -1

0.052233 1.578381 -0.007065
0.807306 -0.082278 0.584338
1.000000 0.000000 0.000000
5 -1 -1 -1

0.037949 1.527456 -0.005339
0.586535 -0.262856 0.766045
1.000000 0.000000 0.000000
5 -1 -1 -1

0.052233 1.530993 -0.019177
0.807306 -0.208197 0.552171
1.000000 0.000000 0.000000
5 -1 -1 -1

0.142872 0.490570 -0.062652
0.744774 0.134465 -0.653584
1.000000 0.000000 0.000000
61 -1 -1 -1

0.155953 0.181541 -0.075797
0.914121 -0.019196 -0.404950
1.000000 0.000000 0.000000
61 -1 -1 -1

0.144676 0.183218 -0.093287
0.745537 0.005829 -0.666402
1.000000 0.000000 0.000000
61 -1 -1 -1

0.086448 0.492419 -0.084586
-0.099582 0.162236 -0.981689
1.000000 0.000000 0.000000
61 -1 -1 -1

0.067080 0.508877 -0.075523
-0.390393 0.339610 -0.855708
1.000000 0.000000 0.000000
61 -1 -1 -1

0.086573 0.509500 -0.080605
-0.097629 0.348949 -0.932005
1.000000 0.000000 0.000000
61 -1 -1 -1

0.200492 1.422880 -0.045214
0.549425 -0.552293 0.626942
1.000000 0.000000 0.000000
7 -1 -1 -1

0.177546 1.406925 -0.048115
0.280496 -0.784600 0.552843
1.000000 0.000000 0.000000
7 -1 -1 -1

0.193174 1.407446 -0.057468
0.444105 -0.774377 0.450606
1.000000 0.000000 0.000000
7 -1 -1 -1

0.485924 1.448778 -0.136394
-0.064852 -0.303201 -0.950713
1.000000 0.000000 0.000000
10 -1 -1 -1

0.474543 1.437368 -0.129004
-0.255501 -0.564013 -0.785211
1.000000 0.000000 0.000000
10 -1 -1 -1

0.474543 1.449233 -0.134969
-0.255501 -0.293741 -0.921079
1.000000 0.000000 0.000000
10 -1 -1 -1

0.045235 1.517254 -0.095781
0.703177 -0.352519 -0.617420
1.000000 0.000000 0.000000
5 -1 -1 -1

0.036656 1.536695 -0.108965
0.568255 -0.053957 -0.821070
1.000000 0.000000 0.000000
5 -1 -1 -1

0.050453 1.533279 -0.095598
0.782128 -0.106937 -0.613849
1.000000 0.000000 0.000000
5 -1 -1 -1

0.121852 1.075765 0.076549
0.700674 -0.220435 0.678518
1.000000 0.000000 0.000000
2 -1 -1 -1

0.096710 1.040497 0.079969
0.494461 -0.510849 0.703207
1.000000 0.000000 0.000000
2 -1 -1 -1

0.121852 1.051838 0.064359
0.700674 -0.419324 0.577197
1.000000 0.000000 0.000000
2 -1 -1 -1

0.063764 0.514077 0.034451
-0.441542 0.415113 0.795404
1.000000 0.000000 0.000000
61 -1 -1 -1

0.129753 1.343703 -0.012656
