[1]

joint_count 71
vertex_count 29354
triangle_count 58332

joints:
root
1.000000 0.000000 0.000000 0.000000
0.000000 0.000000 1.000000 0.000000
0.000000 -1.000000 0.000000 0.000000
0.000000 0.000000 0.000000 1.000000
-1

DEF-spine
1.000000 0.000000 0.000000 0.000000
0.000000 -0.210673 -0.977557 0.050865
0.000000 0.977557 -0.210673 0.903932
0.000000 0.000000 0.000000 1.000000
0

DEF-spine.001
1.000000 0.000000 -0.000000 0.000000
0.000000 0.996042 0.088880 0.166209
0.000000 -0.088880 0.996042 -0.000000
0.000000 0.000000 0.000000 1.000000
1

DEF-spine.002
1.000000 -0.000000 0.000000 0.000000
-0.000000 0.975396 0.220462 0.125906
-0.000000 -0.220462 0.975396 0.000000
0.000000 0.000000 0.000000 1.000000
2

DEF-spine.003
1.000000 0.000000 0.000000 0.000000
-0.000000 0.991279 0.131777 0.160013
0.000000 -0.131777 0.991279 0.000000
0.000000 0.000000 0.000000 1.000000
3

DEF-spine.004
1.000000 -0.000000 -0.000000 0.000000
-0.000000 0.869581 -0.493791 0.178247
0.000000 0.493791 0.869581 0.000000
0.000000 0.000000 0.000000 1.000000
4

DEF-spine.005
1.000000 -0.000000 -0.000000 -0.000000
0.000000 0.966022 0.258462 0.118209
-0.000000 -0.258462 0.966022 -0.000000
0.000000 0.000000 0.000000 1.000000
5

DEF-shoulder.L
0.478973 0.876317 0.051510 0.016863
-0.200955 0.052339 0.978201 0.123592
0.854519 -0.478883 0.201169 0.035561
0.000000 0.000000 0.000000 1.000000
4

DEF-upper_arm.L
-0.053091 0.452232 0.890319 -0.001609
0.078276 0.890718 -0.447767 0.171974
-0.995517 0.045918 -0.082688 -0.001519
0.000000 0.000000 0.000000 1.000000
7

DEF-upper_arm.L.001
1.000000 -0.000001 0.000001 0.000000
0.000001 1.000000 0.000000 0.151015
-0.000001 -0.000000 1.000000 -0.000000
0.000000 0.000000 0.000000 1.000000
8

DEF-forearm.L
1.000000 0.000000 0.000000 0.000000
-0.000000 0.997944 -0.064088 0.151014
-0.000000 0.064088 0.997944 -0.000000
0.000000 0.000000 0.000000 1.000000
9

DEF-forearm.L.001
1.000000 -0.000000 0.000000 -0.000000
0.000000 1.000000 0.000000 0.129525
-0.000000 -0.000000 1.000000 -0.000000
0.000000 0.000000 0.000000 1.000000
10

DEF-hand.L
0.999895 -0.014460 0.000001 0.000000
0.014459 0.999835 -0.011040 0.129525
0.000158 0.011039 0.999939 -0.000000
0.000000 0.000000 0.000000 1.000000
11

DEF-palm.01.L
-0.015126 -0.014124 0.999786 -0.006864
0.155928 0.987634 0.016311 0.043137
-0.987653 0.156142 -0.012736 0.023438
0.000000 0.000000 0.000000 1.000000
12

DEF-f_index.01.L
0.995850 0.077001 -0.048514 -0.000000
-0.080581 0.993788 -0.076762 0.076627
0.042302 0.080352 0.995868 0.000000
0.000000 0.000000 0.000000 1.000000
13

DEF-f_index.02.L
1.000000 -0.000000 0.000000 0.000000
0.000000 1.000000 -0.000001 0.046517
-0.000000 0.000001 1.000000 -0.000000
0.000000 0.000000 0.000000 1.000000
14

DEF-f_index.03.L
1.000000 0.000000 -0.000005 -0.000000
-0.000000 1.000000 0.000001 0.030173
0.000005 -0.000001 1.000000 -0.000000
0.000000 0.000000 0.000000 1.000000
15

DEF-thumb.01.L
-0.247406 -0.477116 0.843298 -0.007202
-0.033463 0.874044 0.484694 0.010021
-0.968334 0.091697 -0.232210 0.021019
0.000000 0.000000 0.000000 1.000000
13

DEF-thumb.02.L
0.999999 -0.001431 -0.000000 0.000000
0.001424 0.995084 -0.099030 0.039754
0.000142 0.099030 0.995085 0.000000
0.000000 0.000000 0.000000 1.000000
17

DEF-thumb.03.L
0.999996 0.002942 -0.000167 -0.000000
-0.002942 0.993181 -0.116546 0.034543
-0.000177 0.116546 0.993185 0.000000
0.000000 0.000000 0.000000 1.000000
18

DEF-palm.02.L
0.058909 0.021886 0.998023 -0.008611
0.053913 0.998231 -0.025073 0.046917
-0.996807 0.055284 0.057625 0.005145
0.000000 0.000000 0.000000 1.000000
12

DEF-f_middle.01.L
0.998649 0.045038 0.025917 0.000000
-0.044154 0.998456 -0.033705 0.075309
-0.027395 0.032516 0.999096 -0.000000
0.000000 0.000000 0.000000 1.000000
20

DEF-f_middle.02.L
1.000000 0.000000 -0.000262 0.000000
-0.000000 1.000000 -0.000002 0.047864
0.000262 0.000002 1.000000 -0.000000
0.000000 0.000000 0.000000 1.000000
21

DEF-f_middle.03.L
1.000000 -0.000000 -0.000250 -0.000000
0.000000 1.000000 0.000001 0.033015
0.000250 -0.000001 1.000000 -0.000000
0.000000 0.000000 0.000000 1.000000
22

DEF-palm.03.L
0.111635 0.077698 0.990707 -0.006957
-0.060125 0.995641 -0.071310 0.045726
-0.991929 -0.051606 0.115820 -0.011750
0.000000 0.000000 0.000000 1.000000
12

DEF-f_ring.01.L
0.999513 -0.017841 -0.025614 0.000073
0.019350 0.998014 0.059948 0.075605
0.024494 -0.060414 0.997873 -0.001120
0.000000 0.000000 0.000000 1.000000
24

DEF-f_ring.02.L
1.000000 0.000000 0.000417 -0.000000
-0.000000 1.000000 0.000000 0.045539
-0.000417 -0.000000 1.000000 0.000000
0.000000 0.000000 0.000000 1.000000
25

DEF-f_ring.03.L
1.000000 0.000000 -0.000234 0.000000
-0.000000 1.000000 -0.000004 0.033550
0.000234 0.000004 1.000000 0.000000
0.000000 0.000000 0.000000 1.000000
26

DEF-palm.04.L
0.167490 0.132233 0.976965 -0.003583
-0.152760 0.982477 -0.106790 0.042203
-0.973967 -0.131355 0.184755 -0.027897
0.000000 0.000000 0.000000 1.000000
12

DEF-f_pinky.01.L
0.999191 -0.039521 0.007377 0.000062
0.038217 0.990663 0.130866 0.076473
-0.012480 -0.130478 0.991372 0.000006
0.000000 0.000000 0.000000 1.000000
28

DEF-f_pinky.02.L
1.000000 0.000000 -0.000000 -0.000000
-0.000000 1.000000 -0.000000 0.035258
0.000000 0.000000 1.000000 -0.000000
0.000000 0.000000 0.000000 1.000000
29

DEF-f_pinky.03.L
1.000000 0.000000 -0.000421 0.000000
-0.000000 1.000000 -0.000003 0.028505
0.000421 0.000003 1.000000 -0.000000
0.000000 0.000000 0.000000 1.000000
30

DEF-shoulder.R
0.478973 -0.876317 -0.051510 -0.016863
0.200955 0.052339 0.978201 0.123592
-0.854519 -0.478883 0.201169 0.035561
0.000000 0.000000 0.000000 1.000000
4

DEF-upper_arm.R
-0.053091 -0.452232 -0.890319 0.001609
-0.078276 0.890717 -0.447767 0.171974
0.995517 0.045918 -0.082688 -0.001520
0.000000 0.000000 0.000000 1.000000
32

DEF-upper_arm.R.001
1.000000 0.000001 -0.000001 -0.000000
-0.000001 1.000000 -0.000000 0.151015
0.000001 0.000000 1.000000 -0.000000
0.000000 0.000000 0.000000 1.000000
33

DEF-forearm.R
1.000000 -0.000000 -0.000001 0.000000
0.000000 0.997944 -0.064088 0.151015
0.000001 0.064088 0.997944 -0.000000
0.000000 0.000000 0.000000 1.000000
34

DEF-forearm.R.001
1.000000 -0.000000 -0.000000 0.000000
0.000000 1.000000 0.000000 0.129525
0.000000 -0.000000 1.000000 -0.000000
0.000000 0.000000 0.000000 1.000000
35

DEF-hand.R
0.999896 0.014460 -0.000001 -0.000000
-0.014459 0.999835 -0.011041 0.129525
-0.000158 0.011039 0.999939 0.000000
0.000000 0.000000 0.000000 1.000000
36

DEF-palm.01.R
-0.015126 0.014124 -0.999786 0.006864
-0.155928 0.987634 0.016311 0.043136
0.987653 0.156142 -0.012736 0.023438
0.000000 0.000000 0.000000 1.000000
37

DEF-f_index.01.R
0.995850 -0.077001 0.048514 0.000000
0.080581 0.993788 -0.076762 0.076627
-0.042302 0.080352 0.995868 0.000000
0.000000 0.000000 0.000000 1.000000
38

DEF-f_index.02.R
1.000000 0.000000 -0.000000 -0.000000
-0.000000 1.000000 -0.000001 0.046517
0.000000 0.000001 1.000000 0.000000
0.000000 0.000000 0.000000 1.000000
39

DEF-f_index.03.R
1.000000 -0.000000 0.000005 -0.000000
0.000000 1.000000 0.000001 0.030173
-0.000005 -0.000001 1.000000 0.000000
0.000000 0.000000 0.000000 1.000000
40

DEF-thumb.01.R
-0.247406 0.477116 -0.843297 0.007202
0.033463 0.874044 0.484694 0.010021
0.968334 0.091696 -0.232210 0.021019
0.000000 0.000000 0.000000 1.000000
38

DEF-thumb.02.R
0.999999 0.001432 0.000000 -0.000000
-0.001424 0.995083 -0.099030 0.039754
-0.000142 0.099030 0.995084 -0.000000
0.000000 0.000000 0.000000 1.000000
42

DEF-thumb.03.R
0.999996 -0.002943 0.000167 -0.000000
0.002942 0.993181 -0.116546 0.034543
0.000177 0.116546 0.993185 0.000000
0.000000 0.000000 0.000000 1.000000
43

DEF-palm.02.R
0.058909 -0.021886 -0.998023 0.008611
-0.053913 0.998231 -0.025073 0.046917
0.996807 0.055283 0.057625 0.005145
0.000000 0.000000 0.000000 1.000000
37

DEF-f_middle.01.R
0.998649 -0.045038 -0.025917 0.000000
0.044154 0.998456 -0.033705 0.075309
0.027395 0.032516 0.999096 0.000000
0.000000 0.000000 0.000000 1.000000
45

DEF-f_middle.02.R
1.000000 -0.000000 0.000262 0.000000
0.000000 1.000000 -0.000002 0.047863
-0.000262 0.000002 1.000000 -0.000000
0.000000 0.000000 0.000000 1.000000
46

DEF-f_middle.03.R
1.000000 0.000000 0.000250 0.000000
-0.000000 1.000000 0.000001 0.033015
-0.000250 -0.000001 1.000000 -0.000000
0.000000 0.000000 0.000000 1.000000
47

DEF-palm.03.R
0.111635 -0.077698 -0.990707 0.006957
0.060126 0.995641 -0.071310 0.045725
0.991929 -0.051606 0.115820 -0.011750
0.000000 0.000000 0.000000 1.000000
37

DEF-f_ring.01.R
0.999513 0.017841 0.025614 -0.000073
-0.019350 0.998014 0.059948 0.075605
-0.024494 -0.060414 0.997873 -0.001120
0.000000 0.000000 0.000000 1.000000
49

DEF-f_ring.02.R
1.000000 -0.000000 0.000043 0.000000
0.000000 1.000000 0.000000 0.045539
-0.000043 -0.000000 1.000000 0.000000
0.000000 0.000000 0.000000 1.000000
50

DEF-f_ring.03.R
1.000000 -0.000000 -0.000226 -0.000000
0.000000 1.000000 -0.000004 0.033550
0.000226 0.000004 1.000000 -0.000000
0.000000 0.000000 0.000000 1.000000
51

DEF-palm.04.R
0.167491 -0.132233 -0.976965 0.003583
0.152761 0.982477 -0.106790 0.042203
0.973967 -0.131356 0.184756 -0.027897
0.000000 0.000000 0.000000 1.000000
37

DEF-f_pinky.01.R
0.999192 0.039521 -0.007376 -0.000062
-0.038217 0.990663 0.130866 0.076473
0.012480 -0.130478 0.991372 0.000007
0.000000 0.000000 0.000000 1.000000
53

DEF-f_pinky.02.R
1.000000 -0.000000 0.000000 0.000000
0.000000 1.000000 -0.000000 0.035259
-0.000000 0.000000 1.000000 0.000000
0.000000 0.000000 0.000000 1.000000
54

DEF-f_pinky.03.R
1.000000 -0.000000 0.000421 -0.000000
0.000000 1.000000 -0.000003 0.028505
-0.000421 0.000003 1.000000 -0.000000
0.000000 0.000000 0.000000 1.000000
55

DEF-pelvis.L
-0.421772 0.536322 -0.731073 0.000000
-0.088728 0.778015 0.621949 0.000000
0.902350 0.327188 -0.280558 -0.000000
0.000000 0.000000 0.000000 1.000000
1

DEF-pelvis.R
-0.421772 -0.536322 0.731073 0.000000
0.088728 0.778015 0.621949 0.000000
-0.902350 0.327187 -0.280558 -0.000000
0.000000 0.000000 0.000000 1.000000
1

DEF-thigh.L
1.000000 -0.000000 -0.000155 0.090304
-0.000033 -0.977511 -0.210886 0.064247
-0.000152 0.210886 -0.977510 0.026498
0.000000 0.000000 0.000000 1.000000
1

DEF-thigh.L.001
1.000000 -0.000000 -0.000000 0.000000
0.000000 1.000000 0.000000 0.218417
0.000000 -0.000000 1.000000 0.000000
0.000000 0.000000 0.000000 1.000000
59

DEF-shin.L
1.000000 0.000017 -0.000085 0.000000
-0.000026 0.994196 -0.107581 0.218417
0.000083 0.107581 0.994196 0.000000
0.000000 0.000000 0.000000 1.000000
60

DEF-shin.L.001
1.000000 -0.000000 0.000000 -0.000000
-0.000000 1.000000 -0.000000 0.205250
-0.000000 0.000000 1.000000 0.000000
0.000000 0.000000 0.000000 1.000000
61

DEF-foot.L
1.000000 -0.000216 -0.000139 -0.000000
0.000220 0.435891 0.900000 0.205250
-0.000134 -0.900000 0.435891 0.000000
0.000000 0.000000 0.000000 1.000000
62

DEF-toe.L
-1.000000 -0.000090 -0.000225 -0.000000
-0.000001 0.929001 -0.370078 0.169887
0.000243 -0.370078 -0.929001 -0.000000
0.000000 0.000000 0.000000 1.000000
63

DEF-thigh.R
1.000000 -0.000000 -0.000156 -0.090304
-0.000033 -0.977511 -0.210886 0.064247
-0.000152 0.210886 -0.977510 0.026498
0.000000 0.000000 0.000000 1.000000
1

DEF-thigh.R.001
1.000000 -0.000000 -0.000000 -0.000000
0.000000 1.000000 0.000000 0.218417
0.000000 -0.000000 1.000000 0.000000
0.000000 0.000000 0.000000 1.000000
65

DEF-shin.R
1.000000 0.000017 -0.000085 -0.000000
-0.000026 0.994196 -0.107581 0.218417
0.000083 0.107581 0.994196 0.000000
0.000000 0.000000 0.000000 1.000000
66

DEF-shin.R.001
1.000000 -0.000000 0.000000 0.000000
0.000000 1.000000 -0.000000 0.205250
-0.000000 0.000000 1.000000 -0.000000
0.000000 0.000000 0.000000 1.000000
67

DEF-foot.R
1.000000 -0.000216 -0.000139 0.000000
0.000220 0.435891 0.900000 0.205250
-0.000134 -0.900000 0.435891 -0.000000
0.000000 0.000000 0.000000 1.000000
68

DEF-toe.R
-1.000000 -0.000090 -0.000229 0.000000
0.000001 0.929001 -0.370078 0.169886
0.000246 -0.370078 -0.929001 -0.000000
0.000000 0.000000 0.000000 1.000000
69

vertices:
0.034042 1.350615 0.130055
0.180273 0.086032 0.979827
1.000000 0.000000 0.000000
4 -1 -1 -1

0.000000 1.398154 0.123839
0.000000 0.335337 0.942076
1.000000 0.000000 0.000000
4 -1 -1 -1

0.000000 1.350948 0.133115
0.000000 0.089938 0.995941
1.000000 0.000000 0.000000
4 -1 -1 -1

0.066775 1.349630 0.120990
0.356395 0.074435 0.931333
1.000000 0.000000 0.000000
4 -1 -1 -1

0.034013 1.397747 0.120811
0.174871 0.331797 0.926969
1.000000 0.000000 0.000000
4 -1 -1 -1

0.096942 1.348030 0.106269
0.523850 0.055391 0.850002
1.000000 0.000000 0.000000
4 -1 -1 -1

0.066719 1.396540 0.111845
0.346324 0.321085 0.881436
1.000000 0.000000 0.000000
4 -1 -1 -1

0.123384 1.345877 0.086458
0.676687 0.029420 0.735649
1.000000 0.000000 0.000000
4 -1 -1 -1

0.096861 1.394580 0.097285
0.510605 0.303049 0.804590
1.000000 0.000000 0.000000
4 -1 -1 -1

0.145085 1.343253 0.062319
0.807733 -0.002503 0.589496
1.000000 0.000000 0.000000
4 -1 -1 -1

0.123280 1.391943 0.077690
0.662404 0.277963 0.695639
1.000000 0.000000 0.000000
4 -1 -1 -1

0.161209 1.340260 0.034779
0.908872 -0.038911 0.415174
1.000000 0.000000 0.000000
4 -1 -1 -1

0.144962 1.388729 0.053814
0.794641 0.246376 0.554796
1.000000 0.000000 0.000000
4 -1 -1 -1

0.171139 1.337012 0.004895
0.972503 -0.077700 0.219520
1.000000 0.000000 0.000000
4 -1 -1 -1

0.161073 1.385062 0.026574
0.898953 0.209326 0.384747
1.000000 0.000000 0.000000
4 -1 -1 -1

0.174492 1.333634 -0.026182
0.992523 -0.120731 0.016419
1.000000 0.000000 0.000000
4 -1 -1 -1

0.170999 1.381084 -0.002995
0.965880 0.164922 0.199622
1.000000 0.000000 0.000000
4 -1 -1 -1

0.171208 1.330257 -0.057422
0.968841 -0.177129 -0.173009
1.000000 0.000000 0.000000
4 -1 -1 -1

0.174918 1.376947 -0.034856
0.994232 0.104251 0.024262
1.000000 0.000000 0.000000
4 -1 -1 -1

0.161739 1.327009 -0.088022
0.904324 -0.247444 -0.347758
1.000000 0.000000 0.000000
4 -1 -1 -1

0.173316 1.372810 -0.067897
0.989807 0.022004 -0.140568
1.000000 0.000000 0.000000
4 -1 -1 -1

0.146293 1.324015 -0.116185
0.795312 -0.310648 -0.520493
1.000000 0.000000 0.000000
4 -1 -1 -1

0.165947 1.368831 -0.099961
0.942473 -0.067080 -0.327403
1.000000 0.000000 0.000000
4 -1 -1 -1

0.124815 1.321392 -0.140289
0.643605 -0.336741 -0.687246
1.000000 0.000000 0.000000
4 -1 -1 -1

0.151756 1.365165 -0.128695
0.828791 -0.138829 -0.542009
1.000000 0.000000 0.000000
4 -1 -1 -1

0.102495 1.359314 -0.169837
0.443831 -0.171850 -0.879452
1.000000 0.000000 0.000000
4 -1 -1 -1

0.097879 1.319239 -0.159374
0.479568 -0.320963 -0.816675
1.000000 0.000000 0.000000
4 -1 -1 -1

0.069732 1.357354 -0.181573
0.269356 -0.125614 -0.954802
1.000000 0.000000 0.000000
4 -1 -1 -1

0.067021 1.317639 -0.173436
0.329753 -0.287515 -0.899197
1.000000 0.000000 0.000000
4 -1 -1 -1

0.034762 1.356147 -0.188550
0.142094 -0.073000 -0.987152
1.000000 0.000000 0.000000
4 -1 -1 -1

0.034042 1.316653 -0.182418
0.174047 -0.265328 -0.948302
1.000000 0.000000 0.000000
4 -1 -1 -1

0.000000 1.355740 -0.191285
0.000000 -0.054842 -0.998474
1.000000 0.000000 0.000000
4 -1 -1 -1

0.000000 1.316321 -0.185479
0.000000 -0.263253 -0.964721
1.000000 0.000000 0.000000
4 -1 -1 -1

0.024323 0.899771 0.099367
0.302286 -0.547716 0.780114
1.000000 0.000000 0.000000
1 -1 -1 -1

0.000000 0.939242 0.119801
0.000000 -0.229743 0.973235
1.000000 0.000000 0.000000
1 -1 -1 -1

0.000000 0.897695 0.101566
0.000000 -0.538835 0.842402
1.000000 0.000000 0.000000
1 -1 -1 -1

0.041501 0.906896 0.092827
0.620197 -0.521714 0.585772
1.000000 0.000000 0.000000
1 -1 -1 -1

0.031004 0.939621 0.117250
0.229194 -0.259346 0.938169
1.000000 0.000000 0.000000
1 -1 -1 -1

0.053527 0.916929 0.082153
0.800836 -0.488388 0.346538
1.000000 0.000000 0.000000
1 -1 -1 -1

0.054787 0.945004 0.109697
0.517899 -0.313700 0.795831
1.000000 0.000000 0.000000
1 -1 -1 -1

0.063595 0.927670 0.067773
0.828791 -0.503311 0.244362
1.000000 0.000000 0.000000
1 -1 -1 -1

0.071975 0.954144 0.097430
0.715079 -0.382672 0.584948
1.000000 0.000000 0.000000
1 -1 -1 -1

0.073863 0.936225 0.050221
0.778008 -0.561693 0.281381
1.000000 0.000000 0.000000
1 -1 -1 -1

0.087142 0.963950 0.080922
0.755516 -0.482742 0.442854
1.000000 0.000000 0.000000
1 -1 -1 -1

0.085897 0.940121 0.030112
0.686941 -0.620502 0.378216
1.000000 0.000000 0.000000
1 -1 -1 -1

0.103050 0.970752 0.060807
0.704306 -0.561510 0.434248
1.000000 0.000000 0.000000
1 -1 -1 -1

0.099387 0.938605 0.008178
0.617389 -0.655354 0.435072
1.000000 0.000000 0.000000
1 -1 -1 -1

0.120346 0.972429 0.037858
0.660726 -0.582476 0.473403
1.000000 0.000000 0.000000
1 -1 -1 -1

0.111067 0.933677 -0.014823
0.614521 -0.674612 0.408918
1.000000 0.000000 0.000000
1 -1 -1 -1

0.136677 0.969592 0.012957
0.701010 -0.555650 0.446944
1.000000 0.000000 0.000000
1 -1 -1 -1

0.118205 0.927457 -0.038124
0.671804 -0.686300 0.278634
1.000000 0.000000 0.000000
1 -1 -1 -1

0.148235 0.964264 -0.012939
0.790765 -0.512436 0.334758
1.000000 0.000000 0.000000
1 -1 -1 -1

0.149293 0.951857 -0.064004
0.894192 -0.401532 -0.197821
1.000000 0.000000 0.000000
1 -1 -1 -1

0.119616 0.921362 -0.060928
0.728263 -0.681936 0.067751
1.000000 0.000000 0.000000
1 -1 -1 -1

0.137967 0.947895 -0.087671
0.799921 -0.302133 -0.518448
1.000000 0.000000 0.000000
1 -1 -1 -1

0.114043 0.916977 -0.082354
0.708274 -0.645161 -0.286477
1.000000 0.000000 0.000000
1 -1 -1 -1

0.116575 0.948646 -0.108826
0.627003 -0.186987 -0.756218
1.000000 0.000000 0.000000
1 -1 -1 -1

0.099641 0.916310 -0.101437
0.563311 -0.554979 -0.612079
1.000000 0.000000 0.000000
1 -1 -1 -1

0.089725 0.951292 -0.126387
0.475509 -0.131474 -0.869808
1.000000 0.000000 0.000000
1 -1 -1 -1

0.077093 0.919491 -0.117206
0.401013 -0.484359 -0.777520
1.000000 0.000000 0.000000
1 -1 -1 -1

0.061593 0.953211 -0.139417
0.332194 -0.107486 -0.937040
1.000000 0.000000 0.000000
1 -1 -1 -1

0.052933 0.921861 -0.128828
0.281625 -0.455977 -0.844234
1.000000 0.000000 0.000000
1 -1 -1 -1

0.031400 0.954158 -0.147334
0.166387 -0.092593 -0.981689
1.000000 0.000000 0.000000
1 -1 -1 -1

0.026985 0.922952 -0.135817
0.144749 -0.440046 -0.886196
1.000000 0.000000 0.000000
1 -1 -1 -1

0.000000 0.953976 -0.149775
0.000000 -0.093905 -0.995575
1.000000 0.000000 0.000000
1 -1 -1 -1

0.000000 0.922615 -0.137853
0.000000 -0.436933 -0.899472
1.000000 0.000000 0.000000
1 -1 -1 -1

0.561987 1.446010 -0.139229
0.075625 -0.381298 -0.921323
1.000000 0.000000 0.000000
10 -1 -1 -1

0.519155 1.437778 -0.135889
-0.033113 -0.554949 -0.831202
1.000000 0.000000 0.000000
10 -1 -1 -1

0.519237 1.445994 -0.140281
-0.030885 -0.382275 -0.923521
1.000000 0.000000 0.000000
10 -1 -1 -1

0.183396 0.801277 0.007326
0.981079 -0.012299 0.193182
1.000000 0.000000 0.000000
59 -1 -1 -1

0.170065 0.941061 0.024022
0.484939 0.815271 0.316446
1.000000 0.000000 0.000000
59 -1 -1 -1

0.178402 0.802268 0.023887
0.925443 -0.015381 0.378491
1.000000 0.000000 0.000000
59 -1 -1 -1

0.562051 1.454920 -0.141929
0.079287 -0.193915 -0.977783
1.000000 0.000000 0.000000
10 -1 -1 -1

0.519287 1.454909 -0.142985
-0.029542 -0.194922 -0.980346
1.000000 0.000000 0.000000
10 -1 -1 -1

0.132169 0.235598 -0.013002
0.701071 -0.181707 0.689535
1.000000 0.000000 0.000000
61 -1 -1 -1

0.136561 0.340282 0.012518
0.556627 -0.150487 0.816980
1.000000 0.000000 0.000000
61 -1 -1 -1

0.123946 0.235048 -0.006284
0.551408 -0.183081 0.813868
1.000000 0.000000 0.000000
61 -1 -1 -1

0.561771 1.430601 -0.128938
0.066439 -0.705649 -0.705405
1.000000 0.000000 0.000000
10 -1 -1 -1

0.518909 1.424668 -0.122779
-0.039735 -0.830439 -0.555620
1.000000 0.000000 0.000000
10 -1 -1 -1

0.519044 1.430578 -0.129980
-0.036103 -0.706290 -0.706992
1.000000 0.000000 0.000000
10 -1 -1 -1

0.561627 1.424693 -0.121743
0.061281 -0.830103 -0.554186
1.000000 0.000000 0.000000
10 -1 -1 -1

0.518754 1.420278 -0.114565
-0.043855 -0.922697 -0.382977
1.000000 0.000000 0.000000
10 -1 -1 -1

0.185085 0.800590 -0.009939
0.999908 -0.013092 0.000427
1.000000 0.000000 0.000000
59 -1 -1 -1

0.174358 0.943758 0.006543
0.523881 0.835658 0.164892
1.000000 0.000000 0.000000
59 -1 -1 -1

0.561466 1.420303 -0.113533
0.056032 -0.922636 -0.381542
1.000000 0.000000 0.000000
10 -1 -1 -1

0.518587 1.417575 -0.105652
-0.048341 -0.979461 -0.195685
1.000000 0.000000 0.000000
10 -1 -1 -1

0.138919 0.236270 -0.021186
0.823481 -0.178503 0.538469
1.000000 0.000000 0.000000
61 -1 -1 -1

0.147511 0.341335 0.003592
0.707541 -0.141636 0.692312
1.000000 0.000000 0.000000
61 -1 -1 -1

0.561295 1.417600 -0.104625
0.050874 -0.979644 -0.194098
1.000000 0.000000 0.000000
10 -1 -1 -1

0.518412 1.416662 -0.096383
-0.053011 -0.998566 -0.000946
1.000000 0.000000 0.000000
10 -1 -1 -1

0.561120 1.416687 -0.095360
0.045991 -0.998932 0.000855
1.000000 0.000000 0.000000
10 -1 -1 -1

0.518238 1.417576 -0.087115
-0.057680 -0.979339 0.193793
1.000000 0.000000 0.000000
10 -1 -1 -1

0.183406 0.801187 -0.027207
0.981323 -0.014313 -0.191809
1.000000 0.000000 0.000000
59 -1 -1 -1

0.175817 0.944727 -0.011636
0.537858 0.843013 -0.001007
1.000000 0.000000 0.000000
59 -1 -1 -1

0.560948 1.417599 -0.086096
0.041597 -0.979736 0.195837
1.000000 0.000000 0.000000
10 -1 -1 -1

0.518070 1.420280 -0.078203
-0.062166 -0.922452 0.381024
1.000000 0.000000 0.000000
10 -1 -1 -1

0.148077 0.238734 -0.051180
0.987121 -0.159459 -0.012452
1.000000 0.000000 0.000000
61 -1 -1 -1

0.167283 0.345621 -0.033161
0.977966 -0.103458 0.181280
1.000000 0.000000 0.000000
61 -1 -1 -1

0.147029 0.237868 -0.040649
0.969237 -0.167150 0.180548
1.000000 0.000000 0.000000
61 -1 -1 -1

0.560785 1.420302 -0.077187
0.037843 -0.922819 0.383343
1.000000 0.000000 0.000000
10 -1 -1 -1

0.517915 1.424672 -0.069989
-0.066317 -0.830134 0.553545
1.000000 0.000000 0.000000
10 -1 -1 -1

0.560638 1.424692 -0.068977
0.034913 -0.830348 0.556108
1.000000 0.000000 0.000000
10 -1 -1 -1

0.517779 1.430581 -0.062790
-0.069918 -0.705954 0.704764
1.000000 0.000000 0.000000
10 -1 -1 -1

0.170078 0.941045 -0.047307
0.487716 0.812983 -0.318033
1.000000 0.000000 0.000000
59 -1 -1 -1

0.178419 0.802175 -0.043769
0.925901 -0.019929 -0.377148
1.000000 0.000000 0.000000
59 -1 -1 -1

0.560513 1.430599 -0.061781
0.032868 -0.705924 0.707511
1.000000 0.000000 0.000000
10 -1 -1 -1

0.517668 1.437782 -0.056882
-0.072878 -0.554643 0.828852
1.000000 0.000000 0.000000
10 -1 -1 -1

0.163173 0.344057 -0.019695
0.922269 -0.117649 0.368114
1.000000 0.000000 0.000000
61 -1 -1 -1

0.143936 0.237036 -0.030522
0.914029 -0.173589 0.366588
1.000000 0.000000 0.000000
61 -1 -1 -1

0.560413 1.437797 -0.055876
0.031831 -0.554338 0.831660
1.000000 0.000000 0.000000
10 -1 -1 -1

0.517585 1.445996 -0.052492
-0.075106 -0.382061 0.921049
1.000000 0.000000 0.000000
10 -1 -1 -1

0.560343 1.446009 -0.051488
0.031800 -0.381481 0.923795
1.000000 0.000000 0.000000
10 -1 -1 -1

0.517533 1.454910 -0.049788
-0.076449 -0.194800 0.977844
1.000000 0.000000 0.000000
10 -1 -1 -1

0.163193 0.936996 -0.063426
0.427808 0.782281 -0.452742
1.000000 0.000000 0.000000
59 -1 -1 -1

0.170397 0.803180 -0.058978
0.838130 -0.028291 -0.544694
1.000000 0.000000 0.000000
59 -1 -1 -1

0.560306 1.454919 -0.048787
0.032777 -0.194006 0.980438
1.000000 0.000000 0.000000
10 -1 -1 -1

0.517516 1.464180 -0.048874
-0.076907 -0.000031 0.997009
1.000000 0.000000 0.000000
10 -1 -1 -1

0.143964 0.240433 -0.071833
0.910001 -0.141575 -0.389630
1.000000 0.000000 0.000000
61 -1 -1 -1

0.167277 0.348858 -0.061168
0.975799 -0.073336 -0.205939
1.000000 0.000000 0.000000
61 -1 -1 -1

0.147042 0.239600 -0.061710
0.967071 -0.150822 -0.204962
1.000000 0.000000 0.000000
61 -1 -1 -1

0.560303 1.464185 -0.047876
0.034761 0.000824 0.999390
1.000000 0.000000 0.000000
10 -1 -1 -1

0.517532 1.473451 -0.049787
-0.076418 0.194678 0.977874
1.000000 0.000000 0.000000
10 -1 -1 -1

0.560399 1.482358 -0.051493
0.041322 0.382733 0.922910
1.000000 0.000000 0.000000
10 -1 -1 -1

0.517583 1.482365 -0.052490
-0.075045 0.381970 0.921110
1.000000 0.000000 0.000000
10 -1 -1 -1

0.154018 0.931956 -0.077557
0.345073 0.744926 -0.570910
1.000000 0.000000 0.000000
59 -1 -1 -1

0.159813 0.803577 -0.072262
0.723350 -0.039308 -0.689322
1.000000 0.000000 0.000000
59 -1 -1 -1

0.560493 1.490567 -0.055881
0.045656 0.555101 0.830500
1.000000 0.000000 0.000000
10 -1 -1 -1

0.517665 1.490581 -0.056879
-0.072817 0.554582 0.828913
1.000000 0.000000 0.000000
10 -1 -1 -1

0.138962 0.241201 -0.081161
0.818232 -0.132115 -0.559465
1.000000 0.000000 0.000000
61 -1 -1 -1

0.163161 0.350408 -0.074633
0.918271 -0.058596 -0.391522
1.000000 0.000000 0.000000
61 -1 -1 -1

0.560615 1.497762 -0.061787
0.050478 0.706076 0.706290
1.000000 0.000000 0.000000
10 -1 -1 -1

0.517776 1.497782 -0.062787
-0.069857 0.705893 0.704825
1.000000 0.000000 0.000000
10 -1 -1 -1

0.560758 1.503666 -0.068982
0.055605 0.829890 0.555101
1.000000 0.000000 0.000000
10 -1 -1 -1

0.517911 1.503693 -0.069987
-0.066225 0.830103 0.553606
1.000000 0.000000 0.000000
10 -1 -1 -1

0.142942 0.926285 -0.089170
0.239051 0.705954 -0.666646
1.000000 0.000000 0.000000
59 -1 -1 -1

0.147134 0.803326 -0.083225
0.584887 -0.050417 -0.809534
1.000000 0.000000 0.000000
59 -1 -1 -1

0.560919 1.508053 -0.077190
0.060823 0.921873 0.382672
1.000000 0.000000 0.000000
10 -1 -1 -1

0.518065 1.508085 -0.078201
-0.062105 0.922452 0.381054
1.000000 0.000000 0.000000
10 -1 -1 -1

0.132228 0.241874 -0.089336
0.695303 -0.122868 -0.708090
1.000000 0.000000 0.000000
61 -1 -1 -1

0.156481 0.351830 -0.087040
0.825739 -0.044832 -0.562212
1.000000 0.000000 0.000000
61 -1 -1 -1

0.561089 1.510754 -0.086096
0.065981 0.978423 0.195685
1.000000 0.000000 0.000000
10 -1 -1 -1

0.518233 1.510790 -0.087114
-0.057619 0.979339 0.193793
1.000000 0.000000 0.000000
10 -1 -1 -1

0.561264 1.511666 -0.095358
0.070833 0.997467 0.001282
1.000000 0.000000 0.000000
10 -1 -1 -1

0.518407 1.511703 -0.096383
-0.052950 0.998596 -0.000916
1.000000 0.000000 0.000000
10 -1 -1 -1

0.130421 0.920327 -0.097832
0.109806 0.663594 -0.739952
1.000000 0.000000 0.000000
59 -1 -1 -1

0.132884 0.802470 -0.091532
0.422742 -0.059786 -0.904263
1.000000 0.000000 0.000000
59 -1 -1 -1

0.561436 1.510753 -0.104619
0.075198 0.978271 -0.193060
1.000000 0.000000 0.000000
10 -1 -1 -1

0.518582 1.510791 -0.105653
-0.048280 0.979461 -0.195685
1.000000 0.000000 0.000000
10 -1 -1 -1

0.124021 0.242426 -0.096045
0.546129 -0.114170 -0.829859
1.000000 0.000000 0.000000
61 -1 -1 -1

0.147492 0.353072 -0.097914
0.701834 -0.032624 -0.711570
1.000000 0.000000 0.000000
61 -1 -1 -1

0.561599 1.508052 -0.113525
0.078951 0.921598 -0.379986
1.000000 0.000000 0.000000
10 -1 -1 -1

0.518750 1.508087 -0.114567
-0.043794 0.922666 -0.383007
1.000000 0.000000 0.000000
10 -1 -1 -1

0.561746 1.503664 -0.121733
0.081881 0.829554 -0.552324
1.000000 0.000000 0.000000
10 -1 -1 -1

0.518904 1.503696 -0.122782
-0.039674 0.830409 -0.555681
1.000000 0.000000 0.000000
10 -1 -1 -1

0.116937 0.914343 -0.103197
-0.043855 0.622700 -0.781213
1.000000 0.000000 0.000000
59 -1 -1 -1

0.117621 0.801094 -0.096820
0.234901 -0.065249 -0.969817
1.000000 0.000000 0.000000
59 -1 -1 -1

0.561872 1.497760 -0.128928
0.083956 0.705741 -0.703452
1.000000 0.000000 0.000000
10 -1 -1 -1

0.519040 1.497785 -0.129983
-0.036042 0.706229 -0.707022
1.000000 0.000000 0.000000
10 -1 -1 -1

0.114657 0.242836 -0.101030
0.376171 -0.106143 -0.920438
1.000000 0.000000 0.000000
61 -1 -1 -1

0.136542 0.354085 -0.106837
0.551347 -0.022431 -0.833949
1.000000 0.000000 0.000000
61 -1 -1 -1

0.561972 1.490565 -0.134833
0.085025 0.554796 -0.827601
1.000000 0.000000 0.000000
10 -1 -1 -1

0.519152 1.490584 -0.135892
-0.033082 0.554888 -0.831233
1.000000 0.000000 0.000000
10 -1 -1 -1

0.562042 1.482356 -0.139222
0.085086 0.382488 -0.920011
1.000000 0.000000 0.000000
10 -1 -1 -1

0.519235 1.482367 -0.140283
-0.030885 0.382183 -0.923551
1.000000 0.000000 0.000000
10 -1 -1 -1

0.103010 0.908549 -0.105046
-0.213324 0.588031 -0.780145
1.000000 0.000000 0.000000
59 -1 -1 -1

0.101920 0.799314 -0.098814
0.024934 -0.064394 -0.997589
1.000000 0.000000 0.000000
59 -1 -1 -1

0.562079 1.473449 -0.141925
0.084140 0.195471 -0.977081
1.000000 0.000000 0.000000
10 -1 -1 -1

0.519286 1.473452 -0.142986
-0.029542 0.194800 -0.980377
1.000000 0.000000 0.000000
10 -1 -1 -1

0.110498 0.355278 -0.117548
0.194189 -0.009766 -0.980895
1.000000 0.000000 0.000000
61 -1 -1 -1

0.104496 0.243088 -0.104100
0.191992 -0.099368 -0.976348
1.000000 0.000000 0.000000
61 -1 -1 -1

0.562082 1.464184 -0.142839
0.082186 0.000824 -0.996612
1.000000 0.000000 0.000000
10 -1 -1 -1

0.519304 1.464180 -0.143899
-0.029084 -0.000031 -0.999573
1.000000 0.000000 0.000000
10 -1 -1 -1

0.723471 1.487302 -0.101111
0.740593 0.625629 -0.245033
1.000000 0.000000 0.000000
10 -1 -1 -1

0.722895 1.473758 -0.068438
0.726981 0.259011 0.635914
1.000000 0.000000 0.000000
10 -1 -1 -1

0.723213 1.441149 -0.081995
0.746330 -0.609729 0.266823
1.000000 0.000000 0.000000
10 -1 -1 -1

0.474844 1.422183 -0.105772
-0.720695 -0.677236 -0.148015
1.000000 0.000000 0.000000
10 -1 -1 -1

0.473919 1.455829 -0.055443
-0.737846 -0.134251 0.661458
1.000000 0.000000 0.000000
10 -1 -1 -1

0.474537 1.506173 -0.089068
-0.726432 0.676443 0.121158
1.000000 0.000000 0.000000
10 -1 -1 -1

0.561892 1.437799 -0.134842
0.071261 -0.554094 -0.829371
1.000000 0.000000 0.000000
10 -1 -1 -1

0.463521 1.440564 -0.133518
0.702078 -0.405286 -0.585467
1.000000 0.000000 0.000000
8 -1 -1 -1

0.463465 1.447899 -0.137632
0.703269 -0.281137 -0.652943
1.000000 0.000000 0.000000
8 -1 -1 -1

0.463498 1.487852 -0.133532
0.715476 0.395550 -0.575823
1.000000 0.000000 0.000000
8 -1 -1 -1

0.124067 0.339491 0.019149
0.384045 -0.156804 0.909879
1.000000 0.000000 0.000000
61 -1 -1 -1

0.114565 0.234639 -0.001291
0.380230 -0.182653 0.906644
1.000000 0.000000 0.000000
61 -1 -1 -1

0.163175 0.937022 0.040127
0.423688 0.785913 0.450270
1.000000 0.000000 0.000000
59 -1 -1 -1

0.170354 0.803383 0.039095
0.837001 -0.021210 0.546770
1.000000 0.000000 0.000000
59 -1 -1 -1

0.110511 0.338993 0.023231
0.196509 -0.160283 0.967284
1.000000 0.000000 0.000000
61 -1 -1 -1

0.104388 0.234387 0.001785
0.194098 -0.180364 0.964232
1.000000 0.000000 0.000000
61 -1 -1 -1

0.153999 0.931999 0.054244
0.339763 0.750145 0.567278
1.000000 0.000000 0.000000
59 -1 -1 -1

0.159727 0.803993 0.052375
0.721824 -0.029725 0.691397
1.000000 0.000000 0.000000
59 -1 -1 -1

0.096413 0.338806 0.024607
0.001251 -0.160894 0.986938
1.000000 0.000000 0.000000
61 -1 -1 -1

0.093805 0.234301 0.002825
0.000183 -0.176427 0.984283
1.000000 0.000000 0.000000
61 -1 -1 -1

0.142925 0.926346 0.065841
0.232826 0.712912 0.661458
1.000000 0.000000 0.000000
59 -1 -1 -1

0.147011 0.803965 0.063352
0.583728 -0.038575 0.810999
1.000000 0.000000 0.000000
59 -1 -1 -1

0.082315 0.338938 0.023223
-0.194128 -0.158605 0.968047
1.000000 0.000000 0.000000
61 -1 -1 -1

0.083223 0.234386 0.001790
-0.193976 -0.170934 0.965972
1.000000 0.000000 0.000000
61 -1 -1 -1

0.130406 0.920407 0.074489
0.103092 0.672536 0.732841
1.000000 0.000000 0.000000
59 -1 -1 -1

0.132733 0.803327 0.071684
0.421888 -0.045900 0.905454
1.000000 0.000000 0.000000
59 -1 -1 -1

0.068760 0.339384 0.019133
-0.382000 -0.153508 0.911313
1.000000 0.000000 0.000000
61 -1 -1 -1

0.073050 0.234637 -0.001283
-0.380902 -0.164190 0.909909
1.000000 0.000000 0.000000
61 -1 -1 -1

0.116926 0.914435 0.079839
-0.050386 0.633503 0.772057
1.000000 0.000000 0.000000
59 -1 -1 -1

0.117455 0.802147 0.077000
0.233924 -0.049654 0.970977
1.000000 0.000000 0.000000
59 -1 -1 -1

0.063678 0.235044 -0.006275
-0.553331 -0.156377 0.818140
1.000000 0.000000 0.000000
61 -1 -1 -1

0.103002 0.908649 0.081678
-0.218451 0.600574 0.769097
1.000000 0.000000 0.000000
59 -1 -1 -1

0.101752 0.800526 0.079019
0.023438 -0.047731 0.998566
1.000000 0.000000 0.000000
59 -1 -1 -1

0.056269 0.340127 0.012495
-0.555101 -0.145848 0.818873
1.000000 0.000000 0.000000
61 -1 -1 -1

0.055466 0.235593 -0.012994
-0.704337 -0.147740 0.694266
1.000000 0.000000 0.000000
61 -1 -1 -1

0.089162 0.903214 0.079926
-0.384960 0.580889 0.717154
1.000000 0.000000 0.000000
59 -1 -1 -1

0.086192 0.798592 0.077600
-0.197607 -0.038667 0.979492
1.000000 0.000000 0.000000
59 -1 -1 -1

0.045322 0.341139 0.003564
-0.706626 -0.135868 0.694388
1.000000 0.000000 0.000000
61 -1 -1 -1

0.048732 0.236263 -0.021181
-0.828150 -0.138615 0.543077
1.000000 0.000000 0.000000
61 -1 -1 -1

0.075918 0.898243 0.074650
-0.530045 0.569140 0.628529
1.000000 0.000000 0.000000
59 -1 -1 -1

0.071330 0.796482 0.072758
-0.410993 -0.022858 0.911344
1.000000 0.000000 0.000000
59 -1 -1 -1

0.036339 0.342380 -0.007316
-0.830683 -0.123966 0.542741
1.000000 0.000000 0.000000
61 -1 -1 -1

0.043734 0.237028 -0.030521
-0.919736 -0.129460 0.370525
1.000000 0.000000 0.000000
61 -1 -1 -1

0.063757 0.893813 0.066048
-0.640828 0.566271 0.518296
1.000000 0.000000 0.000000
59 -1 -1 -1

0.057693 0.794344 0.064662
-0.598956 -0.002441 0.800775
1.000000 0.000000 0.000000
59 -1 -1 -1

0.029667 0.343804 -0.019727
-0.922452 -0.110569 0.369854
1.000000 0.000000 0.000000
61 -1 -1 -1

0.040664 0.237859 -0.040654
-0.975616 -0.120548 0.183386
1.000000 0.000000 0.000000
61 -1 -1 -1

0.053116 0.889990 0.054455
-0.717246 0.568407 0.402997
1.000000 0.000000 0.000000
59 -1 -1 -1

0.045769 0.792315 0.053621
-0.750511 0.019288 0.660543
1.000000 0.000000 0.000000
59 -1 -1 -1

0.025560 0.345355 -0.033191
-0.978454 -0.096164 0.182531
1.000000 0.000000 0.000000
61 -1 -1 -1

0.039641 0.238724 -0.051190
-0.993622 -0.112156 -0.010865
1.000000 0.000000 0.000000
61 -1 -1 -1

0.044379 0.886840 0.040312
-0.767357 0.569811 0.293985
1.000000 0.000000 0.000000
59 -1 -1 -1

0.035980 0.790522 0.040068
-0.863308 0.039064 0.503098
1.000000 0.000000 0.000000
59 -1 -1 -1

0.024176 0.346973 -0.047191
-0.996612 -0.081301 -0.011872
1.000000 0.000000 0.000000
61 -1 -1 -1

0.040702 0.239589 -0.061723
-0.973205 -0.104678 -0.204688
1.000000 0.000000 0.000000
61 -1 -1 -1

0.037871 0.884438 0.024154
-0.797662 0.572649 0.189123
1.000000 0.000000 0.000000
59 -1 -1 -1

0.028732 0.789168 0.024566
-0.940519 0.054231 0.335368
1.000000 0.000000 0.000000
59 -1 -1 -1

0.025568 0.348597 -0.061188
-0.976287 -0.066500 -0.205908
1.000000 0.000000 0.000000
61 -1 -1 -1

0.043806 0.240422 -0.071849
-0.915311 -0.098331 -0.390515
1.000000 0.000000 0.000000
61 -1 -1 -1

0.033839 0.882862 0.006597
-0.814234 0.573168 0.092044
1.000000 0.000000 0.000000
59 -1 -1 -1

0.024356 0.788261 0.007691
-0.984100 0.063112 0.165899
1.000000 0.000000 0.000000
59 -1 -1 -1

0.029681 0.350163 -0.074645
-0.918455 -0.052370 -0.391980
1.000000 0.000000 0.000000
61 -1 -1 -1

0.048832 0.241190 -0.081177
-0.822382 -0.093387 -0.561174
1.000000 0.000000 0.000000
61 -1 -1 -1

0.032467 0.882282 -0.011686
-0.820368 0.571795 -0.001099
1.000000 0.000000 0.000000
59 -1 -1 -1

0.022888 0.787821 -0.009907
-0.997864 0.065279 -0.000366
1.000000 0.000000 0.000000
59 -1 -1 -1

0.036357 0.351612 -0.087047
-0.825465 -0.039399 -0.563036
1.000000 0.000000 0.000000
61 -1 -1 -1

0.055587 0.241865 -0.089351
-0.698202 -0.089999 -0.710196
1.000000 0.000000 0.000000
61 -1 -1 -1

0.024361 0.787862 -0.027500
-0.983886 0.060274 -0.168218
1.000000 0.000000 0.000000
59 -1 -1 -1

0.045339 0.352888 -0.097916
-0.701041 -0.028138 -0.712546
1.000000 0.000000 0.000000
61 -1 -1 -1

0.063810 0.242419 -0.096057
-0.547655 -0.088351 -0.831996
1.000000 0.000000 0.000000
61 -1 -1 -1

0.033841 0.882832 -0.029968
-0.815912 0.570330 -0.094668
1.000000 0.000000 0.000000
59 -1 -1 -1

0.028803 0.788417 -0.044365
-0.939726 0.048189 -0.338420
1.000000 0.000000 0.000000
59 -1 -1 -1

0.056283 0.353941 -0.106836
-0.550005 -0.019013 -0.834925
1.000000 0.000000 0.000000
61 -1 -1 -1

0.073186 0.242831 -0.101039
-0.376598 -0.088473 -0.922117
1.000000 0.000000 0.000000
61 -1 -1 -1

0.037875 0.884381 -0.047524
-0.800775 0.567095 -0.192755
1.000000 0.000000 0.000000
59 -1 -1 -1

0.036103 0.789557 -0.059880
-0.862606 0.029969 -0.504929
1.000000 0.000000 0.000000
59 -1 -1 -1

0.068769 0.354731 -0.113464
-0.378124 -0.012329 -0.925657
1.000000 0.000000 0.000000
61 -1 -1 -1

0.083355 0.243086 -0.104105
-0.191595 -0.090426 -0.977294
1.000000 0.000000 0.000000
61 -1 -1 -1

0.044382 0.886763 -0.063682
-0.771294 0.561785 -0.299142
1.000000 0.000000 0.000000
59 -1 -1 -1

0.045897 0.791129 -0.073415
-0.749504 0.007294 -0.661946
1.000000 0.000000 0.000000
59 -1 -1 -1

0.082317 0.355228 -0.117546
-0.192145 -0.008423 -0.981323
1.000000 0.000000 0.000000
61 -1 -1 -1

0.093927 0.243173 -0.105139
0.000305 -0.094089 -0.995544
1.000000 0.000000 0.000000
61 -1 -1 -1

0.053116 0.889901 -0.077827
-0.721122 0.558184 -0.410321
1.000000 0.000000 0.000000
59 -1 -1 -1

0.057831 0.793027 -0.084441
-0.597125 -0.016846 -0.801935
1.000000 0.000000 0.000000
59 -1 -1 -1

0.168669 0.347242 -0.047165
0.995972 -0.088473 -0.012543
1.000000 0.000000 0.000000
61 -1 -1 -1

0.063756 0.893716 -0.089425
-0.643452 0.554155 -0.528062
1.000000 0.000000 0.000000
59 -1 -1 -1

0.071480 0.795124 -0.092531
-0.408734 -0.038972 -0.911802
1.000000 0.000000 0.000000
59 -1 -1 -1

0.060965 0.135233 -0.085578
-0.493057 -0.696524 -0.521226
1.000000 0.000000 0.000000
61 -1 -1 -1

0.091271 0.135711 -0.098086
-0.001129 -0.694510 -0.719443
1.000000 0.000000 0.000000
61 -1 -1 -1

0.134053 0.133895 -0.055303
0.680135 -0.732444 -0.030335
1.000000 0.000000 0.000000
61 -1 -1 -1

0.075920 0.898139 -0.098026
-0.530229 0.555773 -0.640248
1.000000 0.000000 0.000000
59 -1 -1 -1

0.086353 0.797272 -0.097378
-0.195532 -0.055574 -0.979095
1.000000 0.000000 0.000000
59 -1 -1 -1

0.096407 0.355413 -0.118925
0.001038 -0.007599 -0.999969
1.000000 0.000000 0.000000
61 -1 -1 -1

0.089166 0.903109 -0.103301
-0.382305 0.567400 -0.729270
1.000000 0.000000 0.000000
59 -1 -1 -1

0.156497 0.342610 -0.007285
0.830988 -0.130558 0.540696
1.000000 0.000000 0.000000
61 -1 -1 -1

0.081391 0.662782 -0.087307
-0.194433 -0.068941 -0.978484
1.000000 0.000000 0.000000
59 -1 -1 -1

0.092112 0.539153 -0.078995
-0.012329 -0.710105 -0.703970
1.000000 0.000000 0.000000
59 -1 -1 -1

0.079538 0.539344 -0.077748
-0.149205 -0.708731 -0.689474
1.000000 0.000000 0.000000
59 -1 -1 -1

0.096516 0.663088 -0.088774
0.004700 -0.076388 -0.997040
1.000000 0.000000 0.000000
59 -1 -1 -1

0.066818 0.662452 -0.082855
-0.385662 -0.059511 -0.920713
1.000000 0.000000 0.000000
59 -1 -1 -1

0.067444 0.539516 -0.074052
-0.281930 -0.705252 -0.650441
1.000000 0.000000 0.000000
59 -1 -1 -1

0.053370 0.662127 -0.075585
-0.560900 -0.048799 -0.826411
1.000000 0.000000 0.000000
59 -1 -1 -1

0.056299 0.539670 -0.068049
-0.403882 -0.703970 -0.584185
1.000000 0.000000 0.000000
59 -1 -1 -1

0.041576 0.661838 -0.065777
-0.713187 -0.038057 -0.699911
1.000000 0.000000 0.000000
59 -1 -1 -1

0.046538 0.539812 -0.059972
-0.510910 -0.701743 -0.496475
1.000000 0.000000 0.000000
59 -1 -1 -1

0.031907 0.661629 -0.053811
-0.836695 -0.028718 -0.546892
1.000000 0.000000 0.000000
59 -1 -1 -1

0.038538 0.539943 -0.050132
-0.598071 -0.700522 -0.389264
1.000000 0.000000 0.000000
59 -1 -1 -1

0.032599 0.540039 -0.038910
-0.661428 -0.700552 -0.267769
1.000000 0.000000 0.000000
59 -1 -1 -1

0.024739 0.661511 -0.040152
-0.926847 -0.022034 -0.374706
1.000000 0.000000 0.000000
59 -1 -1 -1

0.028945 0.540087 -0.026737
-0.699118 -0.701743 -0.136906
1.000000 0.000000 0.000000
59 -1 -1 -1

0.020321 0.661422 -0.025334
-0.981506 -0.019196 -0.190313
1.000000 0.000000 0.000000
59 -1 -1 -1

0.027720 0.540096 -0.014083
-0.710379 -0.703787 -0.001251
1.000000 0.000000 0.000000
59 -1 -1 -1

0.018827 0.661360 -0.009923
-0.999756 -0.020631 0.001495
1.000000 0.000000 0.000000
59 -1 -1 -1

0.028971 0.540069 -0.001432
-0.695029 -0.706473 0.133305
1.000000 0.000000 0.000000
59 -1 -1 -1

0.020335 0.661393 0.005485
-0.980865 -0.025971 0.192938
1.000000 0.000000 0.000000
59 -1 -1 -1

0.032643 0.539994 0.010728
-0.653829 -0.709983 0.261483
1.000000 0.000000 0.000000
59 -1 -1 -1

0.024758 0.661441 0.020297
-0.925748 -0.035432 0.376446
1.000000 0.000000 0.000000
59 -1 -1 -1

0.038594 0.539873 0.021932
-0.588488 -0.714133 0.379009
1.000000 0.000000 0.000000
59 -1 -1 -1

0.031921 0.661498 0.033945
-0.835109 -0.048189 0.547929
1.000000 0.000000 0.000000
59 -1 -1 -1

0.046599 0.539718 0.031750
-0.500870 -0.718619 0.482345
1.000000 0.000000 0.000000
